%time,field.data
1463052036481666306,1400.0
1463052036531649319,1400.0
1463052036581655178,1400.0
1463052036631640565,1400.0
1463052036681654715,1400.0
1463052036731538022,1400.0
1463052036781658960,1400.0
1463052036831637768,1400.0
1463052036881649507,1400.0
1463052036931541062,1400.0
1463052036981666201,1400.0
1463052037031527854,1400.0
1463052037081547988,1400.0
1463052037131539714,1400.0
1463052037181707675,1400.0
1463052037231514207,1400.0
1463052037281719299,1400.0
1463052037331555549,1400.0
1463052037381727284,1400.0
1463052037431527367,1400.0
1463052037481675846,1400.0
1463052037531511948,1400.0
1463052037581657440,1400.0
1463052037631526429,1400.0
1463052037681701307,1400.0
1463052037731560069,1400.0
1463052037781835730,1400.0
1463052037831531729,1400.0
1463052037881669869,1400.0
1463052037931539848,1400.0
1463052037981685896,1400.0
1463052038031599898,1400.0
1463052038081650406,1400.0
1463052038131496211,1400.0
1463052038181542751,1400.0
1463052038231553175,1400.0
1463052038281554121,1400.0
1463052038331659208,1400.0
1463052038381675215,1400.0
1463052038431479200,1400.0
1463052038481628718,1400.0
1463052038531517224,1400.0
1463052038581516010,1400.0
1463052038631527454,1400.0
1463052038681516521,1400.0
1463052038731507394,1400.0
1463052038781512505,1400.0
1463052038831716572,1400.0
1463052038881714062,1400.0
1463052038931649578,1400.0
1463052038981677363,1400.0
1463052039031673022,1400.0
1463052039081692354,1400.0
1463052039131573184,1400.0
1463052039181681780,1400.0
1463052039231538535,1400.0
1463052039281648645,1400.0
1463052039331614793,1400.0
1463052039381543307,1400.0
1463052039431696631,1400.0
1463052039481704189,1400.0
1463052039531512203,1400.0
1463052039581741972,1400.0
1463052039631526856,1400.0
1463052039681722345,1400.0
1463052039731645782,1400.0
1463052039781699041,1400.0
1463052039831511443,1400.0
1463052039881547304,1400.0
1463052039931659487,1400.0
1463052039981682106,1400.0
1463052040031531626,1400.0
1463052040081659242,1400.0
1463052040131503460,1400.0
1463052040181659920,1400.0
1463052040231537261,1400.0
1463052040281555954,1400.0
1463052040331521345,1400.0
1463052040381649779,1400.0
1463052040431525667,1400.0
1463052040481675809,1400.0
1463052040531631041,1400.0
1463052040581540833,1400.0
1463052040631578873,1400.0
1463052040681724418,1400.0
1463052040731522329,1400.0
1463052040781670339,1400.0
1463052040831550281,1400.0
1463052040881697383,1400.0
1463052040931499368,1400.0
1463052040981650477,1400.0
1463052041031507123,1400.0
1463052041081652024,1400.0
1463052041131611502,1400.0
1463052041181660300,1400.0
1463052041231497591,1400.0
1463052041281666792,1400.0
1463052041331538220,1400.0
1463052041381719144,1400.0
1463052041431652006,1400.0
1463052041481682296,1400.0
1463052041531503439,1400.0
1463052041581668581,1400.0
1463052041631502408,1400.0
1463052041681702495,1400.0
1463052041731649667,1400.0
1463052041781527690,1400.0
1463052041831507803,1400.0
1463052041881670777,1400.0
1463052041931580816,1400.0
1463052041981526900,1400.0
1463052042031584016,1400.0
1463052042081664725,1400.0
1463052042131561870,1400.0
1463052042181694710,1400.0
1463052042231548760,1400.0
1463052042281525381,1400.0
1463052042331517769,1400.0
1463052042381676377,1400.0
1463052042431540547,1400.0
1463052042481604389,1400.0
1463052042531503634,1400.0
1463052042581688963,1400.0
1463052042631514816,1400.0
1463052042681690080,1400.0
1463052042731521944,1400.0
1463052042781542561,1400.0
1463052042831511280,1400.0
1463052042881529798,1400.0
1463052042931517557,1400.0
1463052042981651533,1400.0
1463052043031592673,1400.0
1463052043081653175,1400.0
1463052043131520982,1400.0
1463052043181545442,1400.0
1463052043231536166,1400.0
1463052043281726737,1400.0
1463052043331552049,1400.0
1463052043381587020,1400.0
1463052043431740088,1400.0
1463052043481673614,1400.0
1463052043531586999,1400.0
1463052043581650815,1400.0
1463052043631497389,1400.0
1463052043681841986,1400.0
1463052043731532768,1400.0
1463052043781578170,1400.0
1463052043831514266,1400.0
1463052043881667142,1400.0
1463052043931595788,1400.0
1463052043981657282,1400.0
1463052044031555505,1400.0
1463052044081659607,1400.0
1463052044131525574,1400.0
1463052044181626658,1400.0
1463052044231529174,1400.0
1463052044281649777,1400.0
1463052044331666009,1400.0
1463052044381616540,1400.0
1463052044431564064,1400.0
1463052044481658893,1400.0
1463052044531590014,1400.0
1463052044581749746,1400.0
1463052044631690663,1400.0
1463052044681673835,1400.0
1463052044731707575,1400.0
1463052044781992788,1400.0
1463052044831621046,1400.0
1463052044881549387,1400.0
1463052044931569487,1400.0
1463052044981678657,1400.0
1463052045031615304,1400.0
1463052045081676084,1400.0
1463052045131498512,1400.0
1463052045181531967,1400.0
1463052045231548084,1400.0
1463052045281665636,1400.0
1463052045331541700,1400.0
1463052045381666911,1400.0
1463052045431548915,1400.0
1463052045481649513,1400.0
1463052045531517607,1400.0
1463052045581551682,1400.0
1463052045631489154,1400.0
1463052045681554727,1400.0
1463052045731515249,1400.0
1463052045781494839,1400.0
1463052045831516099,1400.0
1463052045881652907,1400.0
1463052045931697533,1400.0
1463052045981662065,1400.0
1463052046031716416,1400.0
1463052046081555818,1400.0
1463052046131528395,1400.0
1463052046181713210,1400.0
1463052046231522314,1400.0
1463052046281629257,1400.0
1463052046331508602,1400.0
1463052046381547364,1400.0
1463052046431542709,1400.0
1463052046481583394,1400.0
1463052046531617690,1400.0
1463052046581688938,1400.0
1463052046631510482,1400.0
1463052046681511838,1400.0
1463052046731605943,1400.0
1463052046781621457,1400.0
1463052046831609470,1400.0
1463052046881588083,1400.0
1463052046931533924,1400.0
1463052046981628685,1400.0
1463052047031556860,1400.0
1463052047081496850,1400.0
1463052047131541061,1400.0
1463052047181716025,1400.0
1463052047231512423,1400.0
1463052047281654867,1400.0
1463052047331495746,1400.0
1463052047381552131,1400.0
1463052047431520169,1400.0
1463052047481665549,1400.0
1463052047531649290,1400.0
1463052047581625208,1400.0
1463052047631667564,1400.0
1463052047681584243,1400.0
1463052047731538523,1400.0
1463052047781647086,1400.0
1463052047831521931,1400.0
1463052047881497579,1400.0
1463052047931566646,1400.0
1463052047981554148,1400.0
1463052048031525690,1400.0
1463052048081657155,1400.0
1463052048131507368,1400.0
1463052048181606900,1400.0
1463052048231535091,1400.0
1463052048281727966,1400.0
1463052048331523820,1400.0
1463052048381655326,1400.0
1463052048431527184,1400.0
1463052048481742124,1400.0
1463052048531501839,1400.0
1463052048581676667,1400.0
1463052048631651711,1400.0
1463052048681653471,1400.0
1463052048731558900,1400.0
1463052048781626463,1400.0
1463052048831544396,1400.0
1463052048881716724,1400.0
1463052048931638058,1400.0
1463052048981556518,1400.0
1463052049031508029,1400.0
1463052049081546705,1400.0
1463052049131544230,1400.0
1463052049181658459,1400.0
1463052049231703882,1400.0
1463052049281663475,1400.0
1463052049331541423,1400.0
1463052049381674747,1400.0
1463052049431652531,1400.0
1463052049481631592,1400.0
1463052049531537566,1400.0
1463052049581686781,1400.0
1463052049631516180,1400.0
1463052049681664762,1400.0
1463052049731510540,1400.0
1463052049781663129,1400.0
1463052049831557356,1400.0
1463052049881621642,1400.0
1463052049931609821,1400.0
1463052049981525407,1400.0
1463052050031578723,1400.0
1463052050081697062,1400.0
1463052050131527915,1400.0
1463052050181530837,1400.0
1463052050231562846,1400.0
1463052050281515485,1400.0
1463052050331550568,1400.0
1463052050381528902,1400.0
1463052050431650662,1400.0
1463052050481628939,1400.0
1463052050531596811,1400.0
1463052050581690952,1400.0
1463052050631653601,1400.0
1463052050681673328,1400.0
1463052050731512814,1400.0
1463052050781536898,1400.0
1463052050831556855,1400.0
1463052050881667547,1400.0
1463052050931531652,1400.0
1463052050981661894,1400.0
1463052051031525938,1400.0
1463052051081664713,1400.0
1463052051131516985,1400.0
1463052051181538012,1400.0
1463052051231516482,1400.0
1463052051281661808,1400.0
1463052051331648189,1400.0
1463052051381654339,1400.0
1463052051431489253,1400.0
1463052051481736065,1400.0
1463052051531535315,1400.0
1463052051581613523,1400.0
1463052051631681661,1400.0
1463052051681664440,1400.0
1463052051731549599,1400.0
1463052051781671119,1400.0
1463052051831557524,1400.0
1463052051881691047,1400.0
1463052051931508895,1400.0
1463052051981655884,1400.0
1463052052031578448,1400.0
1463052052081719179,1400.0
1463052052131576831,1400.0
1463052052181671643,1400.0
1463052052231574138,1400.0
1463052052281658795,1400.0
1463052052331521078,1400.0
1463052052381649630,1400.0
1463052052431518332,1400.0
1463052052481562868,1400.0
1463052052531493936,1400.0
1463052052581679180,1400.0
1463052052631566072,1400.0
1463052052681537882,1400.0
1463052052731503897,1400.0
1463052052781656336,1400.0
1463052052831519073,1400.0
1463052052881666923,1400.0
1463052052931532036,1400.0
1463052052981690076,1400.0
1463052053031511134,1400.0
1463052053081670443,1400.0
1463052053131561310,1400.0
1463052053181658386,1400.0
1463052053231535980,1400.0
1463052053281553531,1400.0
1463052053331648034,1400.0
1463052053381599037,1400.0
1463052053431596601,1400.0
1463052053481537141,1400.0
1463052053531534356,1400.0
1463052053581512740,1400.0
1463052053631518344,1400.0
1463052053681508824,1400.0
1463052053731633740,1400.0
1463052053781523921,1400.0
1463052053831525814,1400.0
1463052053881485246,1400.0
1463052053931478583,1400.0
1463052053981513754,1400.0
1463052054031550076,1700.0
1463052054081621726,1700.0
1463052054131540961,1700.0
1463052054181536100,1700.0
1463052054231530875,1700.0
1463052054281655121,1700.0
1463052054331525681,1700.0
1463052054381512754,1700.0
1463052054431520333,1700.0
1463052054481562981,1700.0
1463052054531548473,1700.0
1463052054581626672,1700.0
1463052054631535424,1700.0
1463052054681546265,1700.0
1463052054731568401,1700.0
1463052054781512259,1700.0
1463052054831479390,1700.0
1463052054881481943,1700.0
1463052054931544663,1700.0
1463052054981598145,1700.0
1463052055031674265,1700.0
1463052055081615822,1700.0
1463052055131511938,1700.0
1463052055181676830,1700.0
1463052055231677506,1700.0
1463052055281682198,1700.0
1463052055331512659,1700.0
1463052055381524559,1700.0
1463052055431673608,1700.0
1463052055481671864,1700.0
1463052055531690368,1700.0
1463052055581555774,1700.0
1463052055631535629,1700.0
1463052055681661344,1700.0
1463052055731528432,1700.0
1463052055781511370,1700.0
1463052055831586191,1700.0
1463052055881539382,1700.0
1463052055931532824,1700.0
1463052055981629881,1700.0
1463052056031584746,1700.0
1463052056081520399,1700.0
1463052056131532452,1700.0
1463052056181554628,1700.0
1463052056231537211,1700.0
1463052056281538600,1700.0
1463052056331511066,1700.0
1463052056381659574,1700.0
1463052056431554780,1700.0
1463052056481553840,1700.0
1463052056531496789,1700.0
1463052056581531305,1700.0
1463052056631516859,1700.0
1463052056681667863,1700.0
1463052056731656163,1700.0
1463052056781626197,1700.0
1463052056831527646,1700.0
1463052056881731578,1700.0
1463052056931651862,1700.0
1463052056981669671,1700.0
1463052057031518054,1700.0
1463052057081544821,1700.0
1463052057131662256,1700.0
1463052057181649976,1700.0
1463052057231498980,1700.0
1463052057281709500,1700.0
1463052057331525873,1700.0
1463052057381594448,1700.0
1463052057431663938,1700.0
1463052057481654493,1700.0
1463052057531577982,1700.0
1463052057581550485,1700.0
1463052057631567211,1700.0
1463052057681619739,1700.0
1463052057731513381,1700.0
1463052057781693637,1700.0
1463052057831685975,1700.0
1463052057881548485,1700.0
1463052057931691332,1700.0
1463052057981688748,1700.0
1463052058031525482,1700.0
1463052058081645826,1700.0
1463052058131684532,1700.0
1463052058181670932,1700.0
1463052058231814666,1700.0
1463052058281737123,1700.0
1463052058331586453,1700.0
1463052058381538804,1700.0
1463052058431669935,1700.0
1463052058481725366,1700.0
1463052058531543838,1700.0
1463052058581651655,1700.0
1463052058631542712,1700.0
1463052058681664848,1700.0
1463052058731536424,1700.0
1463052058781670695,1700.0
1463052058831575604,1700.0
1463052058881620906,1700.0
1463052058931644042,1700.0
1463052058981656778,1700.0
1463052059031540541,1700.0
1463052059081650420,1700.0
1463052059131648020,1700.0
1463052059181650395,1700.0
1463052059231540663,1700.0
1463052059281653425,1700.0
1463052059331681391,1700.0
1463052059381684375,1700.0
1463052059431529056,1700.0
1463052059481731806,1700.0
1463052059531653311,1700.0
1463052059581714602,1700.0
1463052059631536201,1700.0
1463052059681661744,1700.0
1463052059731557200,1700.0
1463052059781693733,1700.0
1463052059831668276,1700.0
1463052059881653096,1700.0
1463052059931555636,1700.0
1463052059981557850,1700.0
1463052060031504277,1700.0
1463052060081515298,1700.0
1463052060131641807,1700.0
1463052060181659544,1700.0
1463052060231516277,1700.0
1463052060281649856,1700.0
1463052060331676831,1700.0
1463052060381564965,1700.0
1463052060431570517,1700.0
1463052060481683271,1700.0
1463052060531675900,1700.0
1463052060581694335,1700.0
1463052060631577642,1700.0
1463052060681544852,1700.0
1463052060731569836,1700.0
1463052060781512661,1700.0
1463052060831494640,1700.0
1463052060881506639,1700.0
1463052060931558483,1700.0
1463052060981606016,1700.0
1463052061031529446,1750.0
1463052061081514779,1750.0
1463052061131520612,1750.0
1463052061181527604,1750.0
1463052061231547169,1750.0
1463052061281777610,1750.0
1463052061331694317,1750.0
1463052061381525519,1750.0
1463052061431533080,1750.0
1463052061481505828,1750.0
1463052061531523486,1750.0
1463052061581500862,1750.0
1463052061631469151,1750.0
1463052061681632095,1750.0
1463052061731502604,1750.0
1463052061781536624,1750.0
1463052061831631513,1750.0
1463052061881522552,1750.0
1463052061931499268,1750.0
1463052061981530046,1750.0
1463052062031671864,1750.0
1463052062081567713,1750.0
1463052062131531070,1750.0
1463052062181767871,1750.0
1463052062231555631,1750.0
1463052062281683165,1750.0
1463052062331507998,1750.0
1463052062381657826,1750.0
1463052062431644838,1750.0
1463052062481646118,1750.0
1463052062531681477,1750.0
1463052062581674218,1750.0
1463052062631582783,1750.0
1463052062681530929,1750.0
1463052062731519012,1750.0
1463052062781596241,1750.0
1463052062831545685,1750.0
1463052062881697230,1750.0
1463052062931549588,1750.0
1463052062981505894,1750.0
1463052063031550059,1750.0
1463052063081733280,1750.0
1463052063131509329,1750.0
1463052063181700261,1750.0
1463052063231571262,1750.0
1463052063281506433,1750.0
1463052063331503431,1750.0
1463052063381578406,1750.0
1463052063431623658,1750.0
1463052063481686630,1750.0
1463052063531632305,1750.0
1463052063581656893,1750.0
1463052063631714374,1750.0
1463052063681584672,1750.0
1463052063731645708,1750.0
1463052063781651108,1750.0
1463052063831543742,1750.0
1463052063881539639,1750.0
1463052063931680968,1750.0
1463052063981634250,1750.0
1463052064031616851,1750.0
1463052064081651406,1750.0
1463052064131524421,1750.0
1463052064181540493,1750.0
1463052064231690995,1750.0
1463052064281680360,1750.0
1463052064331541034,1750.0
1463052064381515556,1750.0
1463052064431544306,1750.0
1463052064481621527,1750.0
1463052064531512599,1750.0
1463052064581647852,1750.0
1463052064631559098,1750.0
1463052064681654773,1750.0
1463052064731694813,1750.0
1463052064781720711,1750.0
1463052064831499358,1750.0
1463052064881702477,1750.0
1463052064931538128,1750.0
1463052064981524369,1750.0
1463052065031570630,1700.0
1463052065081661292,1700.0
1463052065131693817,1700.0
1463052065181697772,1700.0
1463052065231620087,1700.0
1463052065281609963,1700.0
1463052065331542763,1700.0
1463052065381530404,1700.0
1463052065431558148,1700.0
1463052065481510321,1700.0
1463052065531526563,1700.0
1463052065581509978,1700.0
1463052065631669822,1700.0
1463052065681551077,1700.0
1463052065731533147,1700.0
1463052065781599195,1700.0
1463052065831545260,1700.0
1463052065881521806,1700.0
1463052065931646246,1700.0
1463052065981664017,1700.0
1463052066031510755,1700.0
1463052066081602397,1700.0
1463052066131536945,1700.0
1463052066181700067,1700.0
1463052066231501696,1700.0
1463052066281697157,1700.0
1463052066331567211,1700.0
1463052066381528571,1700.0
1463052066431615796,1700.0
1463052066481650470,1700.0
1463052066531544358,1700.0
1463052066581611876,1700.0
1463052066631736322,1700.0
1463052066681714258,1700.0
1463052066731521376,1700.0
1463052066781706561,1700.0
1463052066831657111,1700.0
1463052066881561018,1700.0
1463052066931592935,1700.0
1463052066981665124,1700.0
1463052067031521949,1700.0
1463052067081538311,1700.0
1463052067131696312,1700.0
1463052067181649361,1700.0
1463052067231589560,1700.0
1463052067281570299,1700.0
1463052067331682414,1700.0
1463052067381618649,1700.0
1463052067431510993,1700.0
1463052067481663555,1700.0
1463052067531544271,1700.0
1463052067581543373,1700.0
1463052067631529450,1700.0
1463052067681612612,1700.0
1463052067731531356,1700.0
1463052067781611405,1700.0
1463052067831564964,1700.0
1463052067881668868,1700.0
1463052067931530670,1700.0
1463052067981506849,1700.0
1463052068031708296,1700.0
1463052068081626057,1700.0
1463052068131512569,1700.0
1463052068181505098,1700.0
1463052068231524008,1700.0
1463052068281504383,1700.0
1463052068331661590,1700.0
1463052068381630378,1700.0
1463052068431644124,1700.0
1463052068481600649,1700.0
1463052068531685149,1700.0
1463052068581663562,1700.0
1463052068631558967,1700.0
1463052068681669979,1700.0
1463052068731565875,1700.0
1463052068781522926,1700.0
1463052068831561775,1700.0
1463052068881604536,1700.0
1463052068931543805,1700.0
1463052068981670936,1700.0
1463052069031586956,1700.0
1463052069081543607,1700.0
1463052069131539333,1700.0
1463052069181602264,1700.0
1463052069231669841,1700.0
1463052069281615323,1700.0
1463052069331678929,1700.0
1463052069381538452,1700.0
1463052069431508934,1700.0
1463052069481678402,1700.0
1463052069531648124,1700.0
1463052069581492725,1700.0
1463052069631526091,1700.0
1463052069681522842,1700.0
1463052069731690718,1700.0
1463052069781652268,1700.0
1463052069831608348,1700.0
1463052069881633696,1700.0
1463052069931677203,1700.0
1463052069981628240,1700.0
1463052070031655728,1700.0
1463052070081647352,1700.0
1463052070131541319,1700.0
1463052070181654941,1700.0
1463052070231684486,1700.0
1463052070281694055,1700.0
1463052070331524914,1700.0
1463052070381530891,1700.0
1463052070431643971,1700.0
1463052070481650460,1700.0
1463052070531598646,1700.0
1463052070581677419,1700.0
1463052070631529320,1700.0
1463052070681516552,1700.0
1463052070731676324,1700.0
1463052070781625537,1700.0
1463052070831498058,1700.0
1463052070881555549,1700.0
1463052070931547348,1700.0
1463052070981513305,1700.0
1463052071031692671,1700.0
1463052071081688605,1700.0
1463052071131577058,1700.0
1463052071181709643,1700.0
1463052071231548374,1700.0
1463052071281512188,1700.0
1463052071331539503,1700.0
1463052071381661274,1700.0
1463052071431577453,1700.0
1463052071481552853,1700.0
1463052071531604542,1700.0
1463052071581654944,1700.0
1463052071631519338,1700.0
1463052071681514111,1700.0
1463052071731679652,1700.0
1463052071781663860,1700.0
1463052071831557001,1700.0
1463052071881569395,1700.0
1463052071931692004,1700.0
1463052071981534422,1700.0
1463052072031488493,1650.0
1463052072081505866,1650.0
1463052072131646157,1650.0
1463052072181660472,1650.0
1463052072231685724,1650.0
1463052072281619525,1650.0
1463052072331542181,1650.0
1463052072381671883,1650.0
1463052072431689944,1650.0
1463052072481528082,1650.0
1463052072531517560,1650.0
1463052072581676006,1650.0
1463052072631537771,1650.0
1463052072681652453,1650.0
1463052072731644944,1650.0
1463052072781651784,1650.0
1463052072831648700,1650.0
1463052072881658450,1650.0
1463052072931676248,1650.0
1463052072981524629,1650.0
1463052073031521445,1650.0
1463052073081506756,1650.0
1463052073131552168,1650.0
1463052073181512997,1650.0
1463052073231502135,1650.0
1463052073281503572,1650.0
1463052073331675269,1650.0
1463052073381684678,1650.0
1463052073431682304,1650.0
1463052073481680463,1650.0
1463052073531531107,1650.0
1463052073581662648,1650.0
1463052073631648658,1650.0
1463052073681516357,1650.0
1463052073731526439,1650.0
1463052073781577272,1650.0
1463052073831680344,1650.0
1463052073881527193,1650.0
1463052073931586086,1650.0
1463052073981588158,1650.0
1463052074031518648,1650.0
1463052074081629752,1650.0
1463052074131675530,1650.0
1463052074181560166,1650.0
1463052074231818485,1650.0
1463052074281791430,1650.0
1463052074331668960,1650.0
1463052074381794350,1650.0
1463052074431509962,1650.0
1463052074481545847,1650.0
1463052074531547193,1650.0
1463052074581504100,1650.0
1463052074631648420,1650.0
1463052074681578671,1650.0
1463052074731541508,1650.0
1463052074781516801,1650.0
1463052074831669527,1650.0
1463052074881556242,1650.0
1463052074931498890,1650.0
1463052074981703545,1650.0
1463052075031549569,1650.0
1463052075081621623,1650.0
1463052075131550275,1650.0
1463052075181464310,1650.0
1463052075231559538,1650.0
1463052075281545490,1650.0
1463052075331649975,1650.0
1463052075381683249,1650.0
1463052075431550697,1650.0
1463052075481694690,1650.0
1463052075531675938,1650.0
1463052075581707467,1650.0
1463052075631625529,1650.0
1463052075681564177,1650.0
1463052075731508723,1650.0
1463052075781659131,1650.0
1463052075831709604,1650.0
1463052075881659006,1650.0
1463052075931540394,1650.0
1463052075981603613,1650.0
1463052076031690676,1700.0
1463052076081538040,1700.0
1463052076131593330,1700.0
1463052076181554177,1700.0
1463052076231642560,1700.0
1463052076281559730,1700.0
1463052076331680165,1700.0
1463052076381550521,1700.0
1463052076431526258,1700.0
1463052076481518030,1700.0
1463052076531698808,1700.0
1463052076581743409,1700.0
1463052076631507881,1700.0
1463052076681547633,1700.0
1463052076731561230,1700.0
1463052076781555617,1700.0
1463052076831666958,1700.0
1463052076881555255,1700.0
1463052076931649745,1700.0
1463052076981695323,1700.0
1463052077031676478,1700.0
1463052077081646960,1700.0
1463052077131503004,1700.0
1463052077181700786,1700.0
1463052077231705614,1700.0
1463052077281707907,1700.0
1463052077331668985,1700.0
1463052077381531864,1700.0
1463052077431566619,1700.0
1463052077481671150,1700.0
1463052077531681864,1700.0
1463052077581617348,1700.0
1463052077631542873,1700.0
1463052077681709464,1700.0
1463052077731572567,1700.0
1463052077781677719,1700.0
1463052077831608895,1700.0
1463052077881540391,1700.0
1463052077931674157,1700.0
1463052077981682257,1700.0
1463052078031553115,1700.0
1463052078081516721,1700.0
1463052078131537035,1700.0
1463052078181687450,1700.0
1463052078231680941,1700.0
1463052078281665567,1700.0
1463052078331510319,1700.0
1463052078381604411,1700.0
1463052078431650067,1700.0
1463052078481602909,1700.0
1463052078531658280,1700.0
1463052078581557368,1700.0
1463052078631520848,1700.0
1463052078681674891,1700.0
1463052078731651001,1700.0
1463052078781614568,1700.0
1463052078831542874,1700.0
1463052078881523546,1700.0
1463052078931671416,1700.0
1463052078981619874,1700.0
1463052079031594869,1400.0
1463052079081630108,1400.0
1463052079131680193,1400.0
1463052079181623381,1400.0
1463052079231675744,1400.0
1463052079281589133,1400.0
1463052079331524574,1400.0
1463052079381680002,1400.0
1463052079431701893,1400.0
1463052079481680997,1400.0
1463052079531524612,1400.0
1463052079581631517,1400.0
1463052079631657919,1400.0
1463052079681624465,1400.0
1463052079731533227,1400.0
1463052079781672792,1400.0
1463052079831498049,1400.0
1463052079881520269,1400.0
1463052079931698533,1400.0
1463052079981508534,1400.0
1463052080031510759,1400.0
1463052080081552366,1400.0
1463052080131578807,1400.0
1463052080181665607,1400.0
1463052080231615200,1400.0
1463052080281520950,1400.0
1463052080331685356,1400.0
1463052080381697605,1400.0
1463052080431674796,1400.0
1463052080481690234,1400.0
1463052080531543423,1400.0
1463052080581702142,1400.0
1463052080631698244,1400.0
1463052080681527038,1400.0
1463052080731563423,1400.0
1463052080781514235,1400.0
1463052080831723097,1400.0
1463052080881556966,1400.0
1463052080931703879,1400.0
1463052080981573349,1400.0
1463052081031546744,1400.0
1463052081081511982,1400.0
1463052081131556872,1400.0
1463052081181736092,1400.0
1463052081231503724,1400.0
1463052081281644215,1400.0
1463052081331667680,1400.0
1463052081381609378,1400.0
1463052081431543416,1400.0
1463052081481685044,1400.0
1463052081531663226,1400.0
1463052081581686172,1400.0
1463052081631696500,1400.0
1463052081681514048,1400.0
1463052081731527849,1400.0
1463052081781533391,1400.0
1463052081831672513,1400.0
1463052081881541766,1400.0
1463052081931515652,1400.0
1463052081981670237,1400.0
1463052082031668460,1400.0
1463052082081550322,1400.0
1463052082131542319,1400.0
1463052082181561759,1400.0
1463052082231541347,1400.0
1463052082281541218,1400.0
1463052082331655142,1400.0
1463052082381521469,1400.0
1463052082431540731,1400.0
1463052082481695167,1400.0
1463052082531680073,1400.0
1463052082581520096,1400.0
1463052082631666159,1400.0
1463052082681669184,1400.0
1463052082731539381,1400.0
1463052082781666568,1400.0
1463052082831654482,1400.0
1463052082881670421,1400.0
1463052082931550524,1400.0
1463052082981664065,1400.0
1463052083031673768,1400.0
1463052083081655916,1400.0
1463052083131727204,1400.0
1463052083181657213,1400.0
1463052083231702314,1400.0
1463052083281672755,1400.0
1463052083331711411,1400.0
1463052083381503548,1400.0
1463052083431573208,1400.0
1463052083481518183,1400.0
1463052083531707041,1400.0
1463052083581716763,1400.0
1463052083631492340,1400.0
1463052083681668992,1400.0
1463052083731711573,1400.0
1463052083781649154,1400.0
1463052083831532123,1400.0
1463052083881540709,1400.0
1463052083931561459,1400.0
1463052083981649182,1400.0
1463052084031650198,1400.0
1463052084081681813,1400.0
1463052084131491316,1400.0
1463052084181548215,1400.0
1463052084231560031,1400.0
1463052084281534441,1400.0
1463052084331662041,1400.0
1463052084381577281,1400.0
1463052084431697246,1400.0
1463052084481715556,1400.0
1463052084531680178,1400.0
1463052084581583855,1400.0
1463052084631523287,1400.0
1463052084681659774,1400.0
1463052084731621589,1400.0
1463052084781672414,1400.0
1463052084831644100,1400.0
1463052084881537163,1400.0
1463052084931534441,1400.0
1463052084981660294,1400.0
1463052085031560233,1400.0
1463052085081666329,1400.0
1463052085131529869,1400.0
1463052085181618934,1400.0
1463052085231647109,1400.0
1463052085281533744,1400.0
1463052085331496849,1400.0
1463052085381654379,1400.0
1463052085431676836,1400.0
1463052085481688043,1400.0
1463052085531675270,1400.0
1463052085581497867,1400.0
1463052085631562986,1400.0
1463052085681780339,1400.0
1463052085731657926,1400.0
1463052085781631197,1400.0
1463052085831552921,1400.0
1463052085881654644,1400.0
1463052085931674873,1400.0
1463052085981541957,1400.0
1463052086031693374,1400.0
1463052086081630107,1400.0
1463052086131703779,1400.0
1463052086181652333,1400.0
1463052086231702129,1400.0
1463052086281665665,1400.0
1463052086331515440,1400.0
1463052086381718597,1400.0
1463052086431677097,1400.0
1463052086481523057,1400.0
1463052086531675881,1400.0
1463052086581729988,1400.0
1463052086631576321,1400.0
1463052086681553671,1400.0
1463052086731535369,1400.0
1463052086781513449,1400.0
1463052086831677659,1400.0
1463052086881683641,1400.0
