
1462245720346407797,0.0
1462245720446392750,0.0
1462245720546458410,0.0
1462245720646439019,0.0
1462245720746392271,0.0
1462245720846458706,0.0
1462245720946405180,0.0
1462245721046413754,0.0
1462245721146420266,0.0
1462245721246444902,0.0
1462245721346455397,0.0
1462245721446398008,0.0
1462245721546438183,0.0
1462245721646408653,0.0
1462245721746444922,0.0
1462245721846374491,0.0
1462245721946478999,0.0
1462245722046418649,0.0
1462245722146427326,0.0
1462245722246461212,0.0
1462245722346436476,0.0
1462245722446433254,0.0
1462245722546454317,0.0
1462245722646443016,0.0
1462245722746431003,0.0
1462245722846440162,0.0
1462245722946435431,0.0
1462245723046479500,0.0
1462245723146427197,0.0
1462245723246391912,0.0
1462245723346393107,0.0
1462245723446458072,0.0
1462245723546427973,0.0
1462245723646445551,0.0
1462245723746420021,0.0
1462245723846436073,0.0
1462245723946408276,0.0
1462245724046463518,0.0
1462245724146483760,0.0
1462245724246481613,0.0
1462245724346400039,0.0
1462245724446436025,0.0
1462245724546515560,0.0
1462245724646434783,0.0
1462245724746392274,0.0
1462245724846458356,0.0
1462245724946461168,0.0
1462245725046395404,0.0
1462245725146491590,0.0
1462245725246485035,0.0
1462245725346482751,0.0
1462245725446483479,0.0
1462245725546453847,0.0
1462245725646440924,0.0
1462245725746426539,0.0
1462245725846453096,0.0
1462245725946443416,0.0
1462245726046462371,0.0
1462245726146402780,0.0
1462245726246380613,0.0
1462245726346480928,0.0
1462245726446439207,0.0
1462245726546465398,0.0
1462245726646529830,0.0
1462245726746449464,0.0
1462245726846467018,0.0
1462245726946449220,0.0
1462245727046466214,0.0
1462245727146474865,0.0
1462245727246484778,0.0
1462245727346519615,0.0
1462245727446519330,0.0
1462245727546418387,0.0
1462245727646401229,0.0
1462245727746407849,0.0
1462245727846445460,0.0
1462245727946420968,0.0
1462245728046409317,0.0
1462245728146445211,0.0
1462245728246435939,0.0
1462245728346444446,0.0
1462245728446415417,0.0
1462245728546452218,0.0
1462245728646468083,0.0
1462245728746406237,0.0
1462245728846463099,0.0
1462245728946417382,0.0
1462245729046386003,0.0
1462245729146440234,0.0
1462245729246451935,0.0
1462245729346455264,0.0
1462245729446461868,0.0
1462245729546450477,0.0
1462245729646433673,0.0
1462245729746437116,0.0
1462245729846469288,0.0
1462245729946474525,0.0
1462245730046450350,0.0
1462245730146482921,0.0
1462245730246447035,0.0
1462245730346434360,0.0
1462245730446377595,0.0
1462245730546381835,0.0
1462245730646423544,0.0
1462245730746439510,0.0
1462245730846396883,0.0
1462245730946439822,0.0
1462245731046428194,0.0
1462245731146499426,0.0
1462245731246426723,0.0
1462245731346431199,0.0
1462245731446444500,0.0
1462245731546453151,0.0
1462245731646395944,0.0
1462245731746461932,0.0
1462245731846416034,0.0
1462245731946383421,0.0
1462245732046408699,0.0
1462245732146412099,0.0
1462245732246408961,0.0
1462245732346421884,0.0
1462245732446474071,0.0
1462245732546401352,0.0
1462245732646425950,0.0
1462245732746444683,0.0
1462245732846501365,0.0
1462245732946421268,0.0
1462245733046458023,0.0
1462245733146426872,0.0
1462245733246419237,0.0
1462245733346392678,0.0
1462245733446420504,0.0
1462245733546469165,0.0
1462245733646429779,0.0
1462245733746382187,0.0
1462245733846455868,0.0
1462245733946407182,0.0
1462245734046491891,0.0
1462245734146514727,0.0
1462245734246444293,0.0
1462245734346490841,0.0
1462245734446430805,0.0
1462245734546451137,0.0
1462245734646426133,0.0
1462245734746404628,0.0
1462245734846381736,0.0
1462245734946428655,0.0
1462245735046463145,0.0
1462245735146470208,0.0
1462245735246487640,0.0
1462245735346408954,0.0
1462245735446449144,0.0
1462245735546412487,0.0
1462245735646421285,0.0
1462245735746464175,0.0
1462245735846468520,0.0
1462245735946473240,0.0
1462245736046450013,0.0
1462245736146402532,0.0
1462245736246369065,0.0
1462245736346390039,0.0
1462245736446450382,0.0
1462245736546491181,0.0
1462245736646499786,0.0
1462245736746455507,0.0
1462245736846418723,0.0
1462245736946435179,0.0
1462245737046459083,0.0
1462245737146458953,0.0
1462245737246464723,0.0
1462245737346449708,0.0
1462245737446412784,0.0
1462245737546421759,0.0
1462245737646437804,0.0
1462245737746423227,0.10000000149
1462245737846457198,0.10000000149
1462245737946444504,0.10000000149
1462245738046461204,0.10000000149
1462245738146463460,0.10000000149
1462245738246459024,0.10000000149
1462245738346424473,0.10000000149
1462245738446428306,0.10000000149
1462245738546428185,0.10000000149
1462245738646423483,0.10000000149
1462245738746475139,0.10000000149
1462245738846453316,0.10000000149
1462245738946446811,0.10000000149
1462245739046418218,0.20000000298
1462245739146393053,0.20000000298
1462245739246418734,0.20000000298
1462245739346448150,0.20000000298
1462245739446496119,0.20000000298
1462245739546441592,0.20000000298
1462245739646432638,0.20000000298
1462245739746454507,0.20000000298
1462245739846412503,0.20000000298
1462245739946482307,0.20000000298
1462245740046483609,0.20000000298
1462245740146411437,0.20000000298
1462245740246426139,0.20000000298
1462245740346449524,0.20000000298
1462245740446417984,0.20000000298
1462245740546383286,0.20000000298
1462245740646388312,0.20000000298
1462245740746489546,0.20000000298
1462245740846425827,0.20000000298
1462245740946416877,0.20000000298
1462245741046411291,0.20000000298
1462245741146439397,0.300000011921
1462245741246474520,0.300000011921
1462245741346458044,0.300000011921
1462245741446437742,0.300000011921
1462245741546443462,0.300000011921
1462245741646460262,0.300000011921
1462245741746471745,0.40000000596
1462245741846464491,0.40000000596
1462245741946458649,0.40000000596
1462245742046402947,0.40000000596
1462245742146391140,0.40000000596
1462245742246448740,0.40000000596
1462245742346460526,0.40000000596
1462245742446469414,0.40000000596
1462245742546445926,0.40000000596
1462245742646419164,0.40000000596
1462245742746464010,0.40000000596
1462245742846449913,0.40000000596
1462245742946445417,0.40000000596
1462245743046447911,0.40000000596
1462245743146448759,0.40000000596
1462245743246478393,0.40000000596
1462245743346371742,0.40000000596
1462245743446402090,0.40000000596
1462245743546377633,0.40000000596
1462245743646444330,0.40000000596
1462245743746413234,0.40000000596
1462245743846461358,0.40000000596
1462245743946417497,0.40000000596
1462245744046455904,0.40000000596
1462245744146454748,0.40000000596
1462245744246405690,0.40000000596
1462245744346381734,0.40000000596
1462245744446424748,0.40000000596
1462245744546468183,0.40000000596
1462245744646476834,0.40000000596
1462245744746462279,0.40000000596
1462245744846412219,0.40000000596
1462245744946436987,0.40000000596
1462245745046376392,0.40000000596
1462245745146412255,0.40000000596
1462245745246459108,0.40000000596
1462245745346479325,0.40000000596
1462245745446452144,0.40000000596
1462245745546434636,0.40000000596
1462245745646499567,0.40000000596
1462245745746410464,0.40000000596
1462245745846461354,0.40000000596
1462245745946465691,0.40000000596
1462245746046434077,0.40000000596
1462245746146594423,0.40000000596
1462245746246431855,0.40000000596
1462245746346381280,0.40000000596
1462245746446386857,0.40000000596
1462245746546401211,0.40000000596
1462245746646472581,0.40000000596
1462245746746433938,0.40000000596
1462245746846479976,0.40000000596
1462245746946465555,0.40000000596
1462245747046460186,0.40000000596
1462245747146458172,0.40000000596
1462245747246434458,0.40000000596
1462245747346428130,0.40000000596
1462245747446423317,0.40000000596
1462245747546410013,0.40000000596
1462245747646454408,0.40000000596
1462245747746430997,0.40000000596
1462245747846384978,0.40000000596
1462245747946388342,0.40000000596
1462245748046379317,0.40000000596
1462245748146407926,0.40000000596
1462245748246396836,0.40000000596
1462245748346429482,0.40000000596
1462245748446450931,0.40000000596
1462245748546435872,0.40000000596
1462245748646446727,0.40000000596
1462245748746455691,0.40000000596
1462245748846452195,0.40000000596
1462245748946419208,0.40000000596
1462245749046467758,0.40000000596
1462245749146429783,0.40000000596
1462245749246468636,0.40000000596
1462245749346398806,0.40000000596
1462245749446402397,0.40000000596
1462245749546428670,0.40000000596
1462245749646488389,0.40000000596
1462245749746417385,0.40000000596
1462245749846441488,0.40000000596
1462245749946429780,0.40000000596
1462245750046480113,0.40000000596
1462245750146469527,0.40000000596
1462245750246458123,0.40000000596
1462245750346421201,0.40000000596
1462245750446402553,0.40000000596
1462245750546454550,0.40000000596
1462245750646448255,0.40000000596
1462245750746418083,0.40000000596
1462245750846388775,0.40000000596
1462245750946440142,0.40000000596
1462245751046412372,0.40000000596
1462245751146425126,0.40000000596
1462245751246470986,0.40000000596
1462245751346434756,0.40000000596
1462245751446396556,0.40000000596
1462245751546505707,0.40000000596
1462245751646474617,0.40000000596
1462245751746445856,0.40000000596
1462245751846441932,0.40000000596
1462245751946414593,0.40000000596
1462245752046457661,0.40000000596
1462245752146395668,0.40000000596
1462245752246376794,0.40000000596
1462245752346422803,0.40000000596
1462245752446448732,0.40000000596
1462245752546432838,0.40000000596
1462245752646420670,0.40000000596
1462245752746399891,0.40000000596
1462245752846400686,0.40000000596
1462245752946471762,0.40000000596
1462245753046405126,0.40000000596
1462245753146458454,0.40000000596
1462245753246463642,0.40000000596
1462245753346394163,0.40000000596
1462245753446456698,0.40000000596
1462245753546383754,0.40000000596
1462245753646388138,0.40000000596
1462245753746383701,0.40000000596
1462245753846408355,0.40000000596
1462245753946432607,0.40000000596
1462245754046405524,0.40000000596
1462245754146430533,0.40000000596
1462245754246457460,0.40000000596
1462245754346439363,0.40000000596
1462245754446373884,0.40000000596
1462245754546497044,0.40000000596
1462245754646435121,0.40000000596
1462245754746449780,0.40000000596
1462245754846436643,0.40000000596
1462245754946413217,0.40000000596
1462245755046401872,0.40000000596
1462245755146397934,0.40000000596
1462245755246487902,0.40000000596
1462245755346460374,0.40000000596
1462245755446402730,0.40000000596
1462245755546469747,0.40000000596
1462245755646396187,0.40000000596
1462245755746391963,0.40000000596
1462245755846438921,0.40000000596
1462245755946470166,0.40000000596
1462245756046473228,0.40000000596
1462245756146425735,0.40000000596
1462245756246433495,0.40000000596
1462245756346437843,0.40000000596
1462245756446380227,0.40000000596
1462245756546376039,0.40000000596
1462245756646481022,0.40000000596
1462245756746480125,0.40000000596
1462245756846457467,0.40000000596
1462245756946402447,0.40000000596
1462245757046475551,0.40000000596
1462245757146447143,0.40000000596
1462245757246458159,0.40000000596
1462245757346412872,0.40000000596
1462245757446416793,0.40000000596
1462245757546437432,0.40000000596
1462245757646432196,0.40000000596
1462245757746445123,0.40000000596
1462245757846419429,0.40000000596
1462245757946444986,0.40000000596
1462245758046406963,0.40000000596
1462245758146427080,0.40000000596
1462245758246425945,0.40000000596
1462245758346451911,0.40000000596
1462245758446466968,0.40000000596
1462245758546446252,0.40000000596
1462245758646403672,0.40000000596
1462245758746458151,0.40000000596
1462245758846476189,0.40000000596
1462245758946483572,0.40000000596
1462245759046429321,0.40000000596
1462245759146443744,0.40000000596
1462245759246478143,0.40000000596
1462245759346384943,0.40000000596
1462245759446403754,0.40000000596
1462245759546480886,0.40000000596
1462245759646476639,0.40000000596
1462245759746461731,0.40000000596
1462245759846437751,0.40000000596
1462245759946452767,0.40000000596
1462245760046422200,0.40000000596
1462245760146482848,0.40000000596
1462245760246479447,0.40000000596
1462245760346421202,0.40000000596
1462245760446442424,0.40000000596
1462245760546415634,0.40000000596
1462245760646441963,0.40000000596
1462245760746408630,0.40000000596
1462245760846385628,0.40000000596
1462245760946422110,0.40000000596
1462245761046381005,0.40000000596
1462245761146447106,0.40000000596
1462245761246493742,0.40000000596
1462245761346447384,0.40000000596
1462245761446456123,0.40000000596
1462245761546413262,0.40000000596
1462245761646393931,0.40000000596
1462245761746445567,0.40000000596
1462245761846390016,0.40000000596
1462245761946406016,0.40000000596
1462245762046405812,0.40000000596
1462245762146379410,0.40000000596
1462245762246389523,0.40000000596
1462245762346390632,0.40000000596
1462245762446466175,0.40000000596
1462245762546417697,0.40000000596
1462245762646417208,0.40000000596
1462245762746420351,0.40000000596
1462245762846399195,0.40000000596
1462245762946435607,0.40000000596
1462245763046405514,0.40000000596
1462245763146433398,0.40000000596
1462245763246401985,0.40000000596
1462245763346451097,0.40000000596
1462245763446409706,0.40000000596
1462245763546448130,0.40000000596
1462245763646408259,0.40000000596
1462245763746373395,0.40000000596
1462245763846433933,0.40000000596
1462245763946368446,0.40000000596
1462245764046433285,0.40000000596
1462245764146478846,0.40000000596
1462245764246439174,0.40000000596
1462245764346417827,0.40000000596
1462245764446442700,0.40000000596
1462245764546470648,0.40000000596
1462245764646404743,0.40000000596
1462245764746465420,0.40000000596
1462245764846423776,0.40000000596
1462245764946415717,0.40000000596
1462245765046446537,0.40000000596
1462245765146378474,0.40000000596
1462245765246391875,0.40000000596
1462245765346481306,0.40000000596
1462245765446427878,0.40000000596
1462245765546405678,0.40000000596
1462245765646414617,0.40000000596
1462245765746430155,0.40000000596
1462245765846457724,0.40000000596
1462245765946428947,0.40000000596
1462245766046448311,0.40000000596
1462245766146408663,0.40000000596
1462245766246416264,0.40000000596
1462245766346426414,0.40000000596
1462245766446438345,0.40000000596
1462245766546430142,0.40000000596
1462245766646402654,0.40000000596
1462245766746398354,0.40000000596
1462245766846441734,0.40000000596
1462245766946461254,0.40000000596
1462245767046453857,0.40000000596
1462245767146459548,0.40000000596
1462245767246394013,0.40000000596
1462245767346378106,0.40000000596
1462245767446442039,0.40000000596
1462245767546425896,0.40000000596
1462245767646462904,0.40000000596
1462245767746441567,0.40000000596
1462245767846431243,0.40000000596
1462245767946371677,0.40000000596
1462245768046423614,0.40000000596
1462245768146390379,0.40000000596
1462245768246405030,0.40000000596
1462245768346472565,0.40000000596
1462245768446424075,0.40000000596
1462245768546386954,0.40000000596
1462245768646446647,0.40000000596
1462245768746464756,0.40000000596
1462245768846388720,0.40000000596
1462245768946385070,0.40000000596
1462245769046385421,0.40000000596
1462245769146390631,0.40000000596
1462245769246398718,0.40000000596
1462245769346380005,0.40000000596
1462245769446416234,0.40000000596
1462245769546401959,0.40000000596
1462245769646383431,0.40000000596
1462245769746437384,0.40000000596
1462245769846435316,0.40000000596
1462245769946498668,0.40000000596
1462245770046457484,0.40000000596
1462245770146454144,0.40000000596
1462245770246490000,0.40000000596
1462245770346447025,0.40000000596
1462245770446456406,0.40000000596
1462245770546436661,0.40000000596
1462245770646458388,0.40000000596
1462245770746449687,0.40000000596
1462245770846402280,0.40000000596
1462245770946480556,0.40000000596
1462245771046390776,0.40000000596
1462245771146378050,0.40000000596
1462245771246464530,0.40000000596
1462245771346419651,0.40000000596
1462245771446419779,0.40000000596
1462245771546448407,0.40000000596
1462245771646457830,0.40000000596
1462245771746449090,0.40000000596
1462245771846394138,0.40000000596
1462245771946458000,0.40000000596
1462245772046422634,0.40000000596
1462245772146440641,0.40000000596
1462245772246414487,0.40000000596
1462245772346370993,0.40000000596
1462245772446378664,0.40000000596
1462245772546381866,0.40000000596
1462245772646490177,0.40000000596
1462245772746486594,0.40000000596
1462245772846440377,0.40000000596
1462245772946491677,0.40000000596
1462245773046410724,0.40000000596
1462245773146428472,0.40000000596
1462245773246429957,0.40000000596
1462245773346454981,0.40000000596
1462245773446481166,0.40000000596
1462245773546386473,0.40000000596
1462245773646393843,0.40000000596
1462245773746399084,0.40000000596
1462245773846381375,0.40000000596
1462245773946384857,0.40000000596
1462245774046411705,0.40000000596
1462245774146461399,0.40000000596
1462245774246392749,0.40000000596
1462245774346455857,0.40000000596
1462245774446467105,0.40000000596
1462245774546400075,0.40000000596
1462245774646464888,0.40000000596
1462245774746407529,0.40000000596
1462245774846435688,0.40000000596
1462245774946416031,0.40000000596
1462245775046417515,0.40000000596
1462245775146422017,0.40000000596
1462245775246456301,0.40000000596
1462245775346393049,0.40000000596
1462245775446375293,0.40000000596
1462245775546486959,0.40000000596
1462245775646481410,0.40000000596
1462245775746422886,0.40000000596
1462245775846423623,0.40000000596
1462245775946379094,0.40000000596
1462245776046398236,0.40000000596
1462245776146458007,0.40000000596
1462245776246474123,0.40000000596
1462245776346450436,0.40000000596
1462245776446425305,0.40000000596
1462245776546373717,0.40000000596
1462245776646423370,0.40000000596
1462245776746420961,0.40000000596
1462245776846384294,0.40000000596
1462245776946396186,0.40000000596
1462245777046422711,0.40000000596
1462245777146390636,0.40000000596
1462245777246489563,0.40000000596
1462245777346450436,0.40000000596
1462245777446432718,0.40000000596
1462245777546463257,0.40000000596
1462245777646434789,0.40000000596
1462245777746382279,0.40000000596
1462245777846392674,0.40000000596
1462245777946426651,0.40000000596
1462245778046449686,0.40000000596
1462245778146419256,0.40000000596
1462245778246383082,0.40000000596
1462245778346399152,0.40000000596
1462245778446476245,0.40000000596
1462245778546465362,0.40000000596
1462245778646430129,0.40000000596
1462245778746420835,0.40000000596
1462245778846354718,0.40000000596
1462245778946438373,0.40000000596
1462245779046387561,0.40000000596
1462245779146414057,0.40000000596
1462245779246444851,0.40000000596
1462245779346428852,0.40000000596
1462245779446436701,0.40000000596
1462245779546415447,0.40000000596
1462245779646373972,0.40000000596
1462245779746382421,0.40000000596
1462245779846382057,0.40000000596
1462245779946411327,0.40000000596
1462245780046457135,0.40000000596
1462245780146451388,0.40000000596
1462245780246432751,0.40000000596
1462245780346453215,0.40000000596
1462245780446480191,0.40000000596
1462245780546376403,0.40000000596
1462245780646499851,0.40000000596
1462245780746396278,0.40000000596
1462245780846388277,0.40000000596
1462245780946430315,0.40000000596
1462245781046435920,0.40000000596
1462245781146378538,0.40000000596
1462245781246412267,0.40000000596
1462245781346451904,0.40000000596
1462245781446461365,0.40000000596
1462245781546475612,0.40000000596
1462245781646449809,0.40000000596
1462245781746422897,0.40000000596
1462245781846431509,0.40000000596
1462245781946414576,0.40000000596
1462245782046441206,0.40000000596
1462245782146393397,0.40000000596
1462245782246388711,0.40000000596
1462245782346440220,0.40000000596
1462245782446397172,0.40000000596
1462245782546442793,0.40000000596
1462245782646391154,0.40000000596
1462245782746488439,0.40000000596
1462245782846460851,0.40000000596
1462245782946417331,0.40000000596
1462245783046430171,0.40000000596
1462245783146391411,0.40000000596
1462245783246405877,0.40000000596
1462245783346502759,0.40000000596
1462245783446434682,0.40000000596
1462245783546490748,0.40000000596
1462245783646398595,0.40000000596
1462245783746397588,0.40000000596
1462245783846445916,0.40000000596
1462245783946390277,0.40000000596
1462245784046401531,0.40000000596
1462245784146392969,0.40000000596
1462245784246461190,0.40000000596
1462245784346423231,0.40000000596
1462245784446410368,0.40000000596
1462245784546390543,0.40000000596
1462245784646415789,0.40000000596
1462245784746448771,0.40000000596
1462245784846416479,0.40000000596
1462245784946398131,0.40000000596
1462245785046444020,0.40000000596
1462245785146390111,0.40000000596
1462245785246418138,0.40000000596
1462245785346405536,0.40000000596
1462245785446396228,0.40000000596
1462245785546390879,0.40000000596
1462245785646459657,0.40000000596
1462245785746482077,0.40000000596
1462245785846406858,0.40000000596
1462245785946397953,0.40000000596
1462245786046391033,0.40000000596
1462245786146468273,0.40000000596
1462245786246445749,0.40000000596
1462245786346438007,0.40000000596
1462245786446475094,0.40000000596
1462245786546431567,0.40000000596
1462245786646378724,0.40000000596
1462245786746480040,0.40000000596
1462245786846459758,0.40000000596
1462245786946381307,0.40000000596
1462245787046383596,0.40000000596
1462245787146428678,0.40000000596
1462245787246451370,0.40000000596
1462245787346437186,0.40000000596
1462245787446426871,0.40000000596
1462245787546431267,0.40000000596
1462245787646444359,0.40000000596
1462245787746397305,0.40000000596
1462245787846453593,0.40000000596
1462245787946465030,0.40000000596
1462245788046413809,0.40000000596
1462245788146373356,0.40000000596
1462245788246481182,0.40000000596
1462245788346400658,0.40000000596
1462245788446375163,0.40000000596
1462245788546423226,0.40000000596
1462245788646402612,0.40000000596
1462245788746431369,0.40000000596
1462245788846394078,0.40000000596
1462245788946449342,0.40000000596
1462245789046433628,0.40000000596
1462245789146417824,0.40000000596
1462245789246387822,0.40000000596
1462245789346437467,0.40000000596
1462245789446429639,0.40000000596
1462245789546442841,0.40000000596
1462245789646433909,0.40000000596
1462245789746414763,0.40000000596
1462245789846409433,0.40000000596
1462245789946394987,0.40000000596
1462245790046389713,0.40000000596
1462245790146384679,0.40000000596
1462245790246459890,0.40000000596
1462245790346453533,0.40000000596
1462245790446399765,0.40000000596
1462245790546445860,0.40000000596
1462245790646390062,0.40000000596
1462245790746422127,0.40000000596
1462245790846402860,0.40000000596
1462245790946445005,0.40000000596
1462245791046424640,0.40000000596
1462245791146391230,0.40000000596
1462245791246394604,0.40000000596
1462245791346405004,0.40000000596
1462245791446397730,0.40000000596
1462245791546447571,0.40000000596
1462245791646452090,0.40000000596
1462245791746464417,0.40000000596
1462245791846397285,0.40000000596
1462245791946390083,0.40000000596
1462245792046463969,0.40000000596
1462245792146420270,0.40000000596
1462245792246398907,0.40000000596
1462245792346416950,0.40000000596
1462245792446392822,0.40000000596
1462245792546405157,0.40000000596
1462245792646424060,0.40000000596
1462245792746401816,0.40000000596
1462245792846388206,0.40000000596
1462245792946399759,0.40000000596
1462245793046397753,0.40000000596
1462245793146442078,0.40000000596
1462245793246451845,0.40000000596
1462245793346424835,0.40000000596
1462245793446446287,0.40000000596
1462245793546393735,0.40000000596
1462245793646422043,0.40000000596
1462245793746462736,0.40000000596
1462245793846459474,0.40000000596
1462245793946404344,0.40000000596
1462245794046398686,0.40000000596
1462245794146369755,0.40000000596
1462245794246383341,0.40000000596
1462245794346439892,0.40000000596
1462245794446466489,0.40000000596
1462245794546442806,0.40000000596
1462245794646420922,0.40000000596
1462245794746393861,0.40000000596
1462245794846397527,0.40000000596
1462245794946404161,0.40000000596
1462245795046410238,0.40000000596
1462245795146457764,0.40000000596
1462245795246421766,0.40000000596
1462245795346418997,0.40000000596
1462245795446456149,0.40000000596
1462245795546392236,0.40000000596
1462245795646388451,0.40000000596
1462245795746399647,0.40000000596
1462245795846424480,0.40000000596
1462245795946416943,0.40000000596
1462245796046390854,0.40000000596
1462245796146422727,0.40000000596
1462245796246378905,0.40000000596
1462245796346388793,0.40000000596
1462245796446400492,0.40000000596
1462245796546414106,0.40000000596
1462245796646477695,0.40000000596
1462245796746436771,0.40000000596
1462245796846429390,0.40000000596
1462245796946411417,0.40000000596
1462245797046384598,0.40000000596
1462245797146443548,0.40000000596
1462245797246411300,0.40000000596
1462245797346391305,0.40000000596
1462245797446466449,0.40000000596
1462245797546387017,0.40000000596
1462245797646403337,0.40000000596
1462245797746408263,0.40000000596
1462245797846410346,0.40000000596
1462245797946468038,0.40000000596
1462245798046453356,0.40000000596
1462245798146401104,0.40000000596
1462245798246454101,0.40000000596
1462245798346378741,0.40000000596
1462245798446368048,0.40000000596
1462245798546398802,0.40000000596
1462245798646471206,0.40000000596
1462245798746480202,0.40000000596
1462245798846433878,0.40000000596
1462245798946422765,0.40000000596
1462245799046443622,0.40000000596
1462245799146368776,0.40000000596
1462245799246457282,0.40000000596
1462245799346424345,0.40000000596
1462245799446433594,0.40000000596
1462245799546392879,0.40000000596
1462245799646401601,0.40000000596
1462245799746400359,0.40000000596
1462245799846382828,0.40000000596
1462245799946387919,0.40000000596
1462245800046411329,0.40000000596
1462245800146429934,0.40000000596
1462245800246417494,0.40000000596
1462245800346409179,0.40000000596
1462245800446419449,0.40000000596
1462245800546386486,0.40000000596
1462245800646414738,0.40000000596
1462245800746465687,0.40000000596
1462245800846439952,0.40000000596
1462245800946458454,0.40000000596
1462245801046364467,0.40000000596
1462245801146379895,0.40000000596
1462245801246389273,0.40000000596
1462245801346464269,0.40000000596
1462245801446385232,0.40000000596
1462245801546395332,0.40000000596
1462245801646430008,0.40000000596
1462245801746384889,0.40000000596
1462245801846382793,0.40000000596
1462245801946482215,0.40000000596
1462245802046387016,0.40000000596
1462245802146400463,0.40000000596
1462245802246373641,0.40000000596
1462245802346459987,0.40000000596
1462245802446410872,0.40000000596
1462245802546431105,0.40000000596
1462245802646412500,0.40000000596
1462245802746387086,0.40000000596
1462245802846375865,0.40000000596
1462245802946414954,0.40000000596
1462245803046440437,0.40000000596
1462245803146398196,0.40000000596
1462245803246420515,0.40000000596
1462245803346399265,0.40000000596
1462245803446380103,0.40000000596
1462245803546379662,0.40000000596
1462245803646399896,0.40000000596
1462245803746431570,0.40000000596
1462245803846455169,0.40000000596
1462245803946407135,0.40000000596
1462245804046403864,0.40000000596
1462245804146411337,0.40000000596
1462245804246409045,0.40000000596
1462245804346377259,0.40000000596
1462245804446401080,0.40000000596
1462245804546421535,0.40000000596
1462245804646399903,0.40000000596
1462245804746470013,0.40000000596
1462245804846447575,0.40000000596
1462245804946395733,0.40000000596
1462245805046421673,0.40000000596
1462245805146424540,0.40000000596
1462245805246416809,0.40000000596
1462245805346436700,0.40000000596
1462245805446420699,0.40000000596
1462245805546417820,0.40000000596
1462245805646397241,0.40000000596
1462245805746374678,0.40000000596
1462245805846383239,0.40000000596
1462245805946408334,0.40000000596
1462245806046478202,0.40000000596
1462245806146375140,0.40000000596
1462245806246413236,0.40000000596
1462245806346452788,0.40000000596
1462245806446407427,0.40000000596
1462245806546414065,0.40000000596
1462245806646380868,0.40000000596
1462245806746468346,0.40000000596
1462245806846391083,0.40000000596
1462245806946450783,0.40000000596
1462245807046372932,0.40000000596
1462245807146394320,0.40000000596
1462245807246385146,0.40000000596
1462245807346396186,0.40000000596
1462245807446450791,0.40000000596
1462245807546397095,0.40000000596
1462245807646394516,0.40000000596
1462245807746443182,0.40000000596
1462245807846392455,0.40000000596
1462245807946406529,0.40000000596
1462245808046385740,0.40000000596
1462245808146402557,0.40000000596
1462245808246377308,0.40000000596
1462245808346442257,0.40000000596
1462245808446434622,0.40000000596
1462245808546372554,0.40000000596
1462245808646384879,0.40000000596
1462245808746384706,0.40000000596
1462245808846438338,0.40000000596
1462245808946449047,0.40000000596
1462245809046441492,0.40000000596
1462245809146397471,0.40000000596
1462245809246407965,0.40000000596
1462245809346396605,0.40000000596
1462245809446387804,0.40000000596
1462245809546493347,0.40000000596
1462245809646395000,0.40000000596
1462245809746456525,0.40000000596
1462245809846436217,0.40000000596
1462245809946370058,0.40000000596
1462245810046371923,0.40000000596
1462245810146426476,0.40000000596
1462245810246397600,0.40000000596
1462245810346465605,0.40000000596
1462245810446409292,0.40000000596
1462245810546396431,0.40000000596
1462245810646381881,0.40000000596
1462245810746401833,0.40000000596
1462245810846453474,0.40000000596
1462245810946452590,0.40000000596
1462245811046438995,0.40000000596
1462245811146422843,0.40000000596
1462245811246398879,0.40000000596
1462245811346437591,0.40000000596
1462245811446401393,0.40000000596
1462245811546392028,0.40000000596
1462245811646381467,0.40000000596
1462245811746368286,0.40000000596
1462245811846451344,0.40000000596
1462245811946492165,0.40000000596
1462245812046442066,0.40000000596
1462245812146443270,0.40000000596
1462245812246447263,0.40000000596
1462245812346432856,0.40000000596
1462245812446430855,0.40000000596
1462245812546402367,0.40000000596
1462245812646371726,0.40000000596
1462245812746404561,0.40000000596
1462245812846388341,0.40000000596
1462245812946383465,0.40000000596
1462245813046364960,0.40000000596
1462245813146372792,0.40000000596
1462245813246398432,0.40000000596
1462245813346377003,0.40000000596
1462245813446430791,0.40000000596
1462245813546470566,0.40000000596
1462245813646387536,0.40000000596
1462245813746453706,0.40000000596
1462245813846414527,0.40000000596
1462245813946408768,0.40000000596
1462245814046420253,0.40000000596
1462245814146419358,0.40000000596
1462245814246393586,0.40000000596
1462245814346402042,0.40000000596
1462245814446371722,0.40000000596
1462245814546372607,0.40000000596
1462245814646454904,0.40000000596
1462245814746421550,0.40000000596
1462245814846391899,0.40000000596
1462245814946386599,0.40000000596
1462245815046396220,0.40000000596
1462245815146429209,0.40000000596
1462245815246501343,0.40000000596
1462245815346382188,0.40000000596
1462245815446388544,0.40000000596
1462245815546372078,0.40000000596
1462245815646391649,0.40000000596
1462245815746376179,0.40000000596
1462245815846376945,0.40000000596
1462245815946393528,0.40000000596
1462245816046386813,0.40000000596
1462245816146402253,0.40000000596
1462245816246368309,0.40000000596
1462245816346407782,0.40000000596
1462245816446440441,0.40000000596
1462245816546414928,0.40000000596
1462245816646392881,0.40000000596
1462245816746394443,0.40000000596
1462245816846405238,0.40000000596
1462245816946438749,0.40000000596
1462245817046423231,0.40000000596
1462245817146438722,0.40000000596
1462245817246386452,0.40000000596
1462245817346392986,0.40000000596
1462245817446398915,0.40000000596
1462245817546383877,0.40000000596
1462245817646415744,0.40000000596
1462245817746416735,0.40000000596
1462245817846423994,0.40000000596
1462245817946377945,0.40000000596
1462245818046410720,0.40000000596
1462245818146431368,0.40000000596
1462245818246391368,0.40000000596
1462245818346410691,0.40000000596
1462245818446387063,0.40000000596
1462245818546390419,0.40000000596
1462245818646420611,0.40000000596
1462245818746388399,0.40000000596
1462245818846471498,0.40000000596
1462245818946431318,0.40000000596
1462245819046388590,0.40000000596
1462245819146374271,0.40000000596
1462245819246403229,0.40000000596
1462245819346447031,0.40000000596
1462245819446393094,0.40000000596
1462245819546490050,0.40000000596
1462245819646400161,0.40000000596
1462245819746408680,0.40000000596
1462245819846468904,0.40000000596
1462245819946405544,0.40000000596
1462245820046400515,0.40000000596
1462245820146377557,0.40000000596
1462245820246396878,0.40000000596
1462245820346391843,0.40000000596
1462245820446391680,0.40000000596
1462245820546417712,0.40000000596
1462245820646392822,0.40000000596
1462245820746438359,0.40000000596
1462245820846396460,0.40000000596
1462245820946393314,0.40000000596
1462245821046464726,0.40000000596
1462245821146403332,0.40000000596
1462245821246419110,0.40000000596
1462245821346376119,0.40000000596
1462245821446398085,0.40000000596
1462245821546389686,0.40000000596
1462245821646382371,0.40000000596
1462245821746399400,0.40000000596
1462245821846375704,0.40000000596
1462245821946411471,0.40000000596
1462245822046407193,0.40000000596
1462245822146391334,0.40000000596
1462245822246571339,0.40000000596
1462245822346407217,0.40000000596
1462245822446402176,0.40000000596
1462245822546397065,0.40000000596
1462245822646411812,0.40000000596
1462245822746533412,0.40000000596
1462245822846403370,0.40000000596
1462245822946415529,0.40000000596
1462245823046384808,0.40000000596
1462245823146392427,0.40000000596
1462245823246423274,0.40000000596
1462245823346415550,0.40000000596
1462245823446479461,0.40000000596
1462245823546423992,0.40000000596
1462245823646423710,0.40000000596
1462245823746399352,0.40000000596
1462245823846410540,0.40000000596
1462245823946460677,0.40000000596
1462245824046415234,0.40000000596
1462245824146450146,0.40000000596
1462245824246420221,0.40000000596
1462245824346426001,0.40000000596
1462245824446422571,0.40000000596
1462245824546391618,0.40000000596
1462245824646470154,0.40000000596
1462245824746387214,0.40000000596
1462245824846463132,0.40000000596
1462245824946426737,0.40000000596
1462245825046442633,0.40000000596
1462245825146501254,0.40000000596
1462245825246431941,0.40000000596
1462245825346457472,0.40000000596
1462245825446392844,0.40000000596
1462245825546396507,0.40000000596
1462245825646413197,0.40000000596
1462245825746415379,0.40000000596
1462245825846394978,0.40000000596
1462245825946375383,0.40000000596
1462245826046402998,0.40000000596
1462245826146473305,0.40000000596
1462245826246454622,0.40000000596
1462245826346466168,0.40000000596
1462245826446395753,0.40000000596
1462245826546464324,0.40000000596
1462245826646373896,0.40000000596
1462245826746416579,0.40000000596
1462245826846439046,0.40000000596
1462245826946430273,0.40000000596
1462245827046436110,0.40000000596
1462245827146390146,0.40000000596
1462245827246406126,0.40000000596
1462245827346460146,0.40000000596
1462245827446412749,0.40000000596
1462245827546484288,0.40000000596
1462245827646416552,0.40000000596
1462245827746442227,0.40000000596
1462245827846440074,0.40000000596
1462245827946415566,0.40000000596
1462245828046435461,0.40000000596
1462245828146449322,0.40000000596
1462245828246432137,0.40000000596
1462245828346387251,0.40000000596
1462245828446463281,0.40000000596
1462245828546479594,0.40000000596
1462245828646382967,0.40000000596
1462245828746410684,0.40000000596
1462245828846375669,0.40000000596
1462245828946391955,0.40000000596
1462245829046450399,0.40000000596
1462245829146453618,0.40000000596
1462245829246445852,0.40000000596
1462245829346399166,0.40000000596
1462245829446431616,0.40000000596
1462245829546418238,0.40000000596
1462245829646406640,0.40000000596
1462245829746455695,0.40000000596
1462245829846408669,0.40000000596
1462245829946460703,0.40000000596
1462245830046365051,0.40000000596
1462245830146463011,0.40000000596
1462245830246468652,0.40000000596
1462245830346373682,0.40000000596
1462245830446468174,0.40000000596
1462245830546416310,0.40000000596
1462245830646413793,0.40000000596
1462245830746440824,0.40000000596
1462245830846469812,0.40000000596
1462245830946500031,0.40000000596
1462245831046415371,0.40000000596
1462245831146422994,0.40000000596
1462245831246404197,0.40000000596
1462245831346424528,0.40000000596
1462245831446449026,0.40000000596
1462245831546379299,0.40000000596
1462245831646391212,0.40000000596
1462245831746366157,0.40000000596
1462245831846387339,0.40000000596
1462245831946443714,0.40000000596
1462245832046403860,0.40000000596
1462245832146448364,0.40000000596
1462245832246414708,0.40000000596
1462245832346414143,0.40000000596
1462245832446403418,0.40000000596
1462245832546418807,0.40000000596
1462245832646477621,0.40000000596
1462245832746430074,0.40000000596
1462245832846420029,0.40000000596
1462245832946423211,0.40000000596
1462245833046403081,0.40000000596
1462245833146428811,0.40000000596
1462245833246382168,0.40000000596
1462245833346457818,0.40000000596
1462245833446425200,0.40000000596
1462245833546432654,0.40000000596
1462245833646554204,0.40000000596
1462245833746407664,0.40000000596
1462245833846480903,0.40000000596
1462245833946406638,0.40000000596
1462245834046406659,0.40000000596
1462245834146406773,0.40000000596
1462245834246408720,0.40000000596
1462245834346529145,0.40000000596
1462245834446397522,0.40000000596
1462245834546458757,0.40000000596
1462245834646390574,0.40000000596
1462245834746393161,0.40000000596
1462245834846446805,0.40000000596
1462245834946391212,0.40000000596
1462245835046444565,0.40000000596
1462245835146381048,0.40000000596
1462245835246459879,0.40000000596
1462245835346426410,0.40000000596
1462245835446391786,0.40000000596
1462245835546440806,0.40000000596
1462245835646397320,0.40000000596
1462245835746432736,0.40000000596
1462245835846414613,0.40000000596
1462245835946384440,0.40000000596
1462245836046403647,0.40000000596
1462245836146465622,0.40000000596
1462245836246516735,0.40000000596
1462245836346449694,0.40000000596
1462245836446452664,0.40000000596
1462245836546443858,0.40000000596
1462245836646373151,0.40000000596
1462245836746483889,0.40000000596
1462245836846378880,0.40000000596
1462245836946421834,0.40000000596
1462245837046482091,0.40000000596
1462245837146426424,0.40000000596
1462245837246434824,0.40000000596
1462245837346401657,0.40000000596
1462245837446447455,0.40000000596
1462245837546375667,0.40000000596
1462245837646486699,0.40000000596
1462245837746483374,0.40000000596
1462245837846429678,0.40000000596
1462245837946453590,0.40000000596
1462245838046395420,0.40000000596
1462245838146410483,0.40000000596
1462245838246491495,0.40000000596
1462245838346425517,0.40000000596
1462245838446493919,0.40000000596
1462245838546450108,0.40000000596
1462245838646437627,0.40000000596
1462245838746423350,0.40000000596
1462245838846398190,0.40000000596
1462245838946399089,0.40000000596
1462245839046378700,0.40000000596
1462245839146513997,0.40000000596
1462245839246370209,0.40000000596
1462245839346407106,0.40000000596
1462245839446444516,0.40000000596
1462245839546424553,0.40000000596
1462245839646417078,0.40000000596
1462245839746381498,0.40000000596
1462245839846433198,0.40000000596
1462245839946444958,0.40000000596
1462245840046393673,0.40000000596
1462245840146439363,0.40000000596
1462245840246405198,0.40000000596
1462245840346392232,0.40000000596
1462245840446387960,0.40000000596
1462245840546424445,0.40000000596
1462245840646474254,0.40000000596
1462245840746404350,0.40000000596
1462245840846458766,0.40000000596
1462245840946383750,0.40000000596
1462245841046432915,0.40000000596
1462245841146432976,0.40000000596
1462245841246440617,0.40000000596
1462245841346439656,0.40000000596
1462245841446421778,0.40000000596
1462245841546456276,0.40000000596
1462245841646459302,0.40000000596
1462245841746374298,0.40000000596
1462245841846377793,0.40000000596
1462245841946392904,0.40000000596
1462245842046469328,0.40000000596
1462245842146393580,0.40000000596
1462245842246402515,0.40000000596
1462245842346420041,0.40000000596
1462245842446412998,0.40000000596
1462245842546462040,0.40000000596
1462245842646379716,0.40000000596
1462245842746467666,0.40000000596
1462245842846534585,0.40000000596
1462245842946411007,0.40000000596
1462245843046449581,0.40000000596
1462245843146403371,0.40000000596
1462245843246386318,0.40000000596
1462245843346496620,0.40000000596
1462245843446440675,0.40000000596
1462245843546482172,0.40000000596
1462245843646465328,0.40000000596
1462245843746406277,0.40000000596
1462245843846408582,0.40000000596
1462245843946410868,0.40000000596
1462245844046494725,0.40000000596
1462245844146392722,0.40000000596
1462245844246468228,0.40000000596
1462245844346447116,0.40000000596
1462245844446481788,0.40000000596
1462245844546420203,0.40000000596
1462245844646402128,0.40000000596
1462245844746460190,0.40000000596
1462245844846402057,0.40000000596
1462245844946462436,0.40000000596
1462245845046498243,0.40000000596
1462245845146409078,0.40000000596
1462245845246462167,0.40000000596
1462245845346426133,0.40000000596
1462245845446493245,0.40000000596
1462245845546397444,0.40000000596
1462245845646463290,0.40000000596
1462245845746480281,0.40000000596
1462245845846409364,0.40000000596
1462245845946406342,0.40000000596
1462245846046388822,0.40000000596
1462245846146409647,0.40000000596
1462245846246453797,0.40000000596
1462245846346402482,0.40000000596
1462245846446473201,0.40000000596
1462245846546438290,0.40000000596
1462245846646498725,0.40000000596
1462245846746425674,0.40000000596
1462245846846484794,0.40000000596
1462245846946460730,0.40000000596
1462245847046422723,0.40000000596
1462245847146488942,0.40000000596
1462245847246375820,0.40000000596
1462245847346492352,0.40000000596
1462245847446501003,0.40000000596
1462245847546382904,0.40000000596
1462245847646401475,0.40000000596
1462245847746406696,0.40000000596
1462245847846421861,0.40000000596
1462245847946424051,0.40000000596
1462245848046403865,0.40000000596
1462245848146453915,0.40000000596
1462245848246386027,0.40000000596
1462245848346424082,0.40000000596
1462245848446395861,0.40000000596
1462245848546487145,0.40000000596
1462245848646428218,0.40000000596
1462245848746379940,0.40000000596
1462245848846443386,0.40000000596
1462245848946372296,0.40000000596
1462245849046455048,0.40000000596
1462245849146440225,0.40000000596
1462245849246409209,0.40000000596
1462245849346479320,0.40000000596
1462245849446400039,0.40000000596
1462245849546457711,0.40000000596
1462245849646389201,0.40000000596
1462245849746401251,0.40000000596
1462245849846435076,0.40000000596
1462245849946367016,0.40000000596
1462245850046436076,0.40000000596
1462245850146379972,0.40000000596
1462245850246408500,0.40000000596
1462245850346376513,0.40000000596
1462245850446394061,0.40000000596
1462245850546505960,0.40000000596
1462245850646401821,0.40000000596
1462245850746474268,0.40000000596
1462245850846462884,0.40000000596
1462245850946448938,0.40000000596
1462245851046495461,0.40000000596
1462245851146432571,0.40000000596
1462245851246451028,0.40000000596
1462245851346368887,0.40000000596
1462245851446518001,0.40000000596
1462245851546430586,0.40000000596
1462245851646392706,0.40000000596
1462245851746396528,0.40000000596
1462245851846383922,0.40000000596
1462245851946441827,0.40000000596
1462245852046452329,0.40000000596
1462245852146394835,0.40000000596
1462245852246488558,0.40000000596
1462245852346408733,0.40000000596
1462245852446437620,0.40000000596
1462245852546450186,0.40000000596
1462245852646460632,0.40000000596
1462245852746452711,0.40000000596
1462245852846392125,0.40000000596
1462245852946508004,0.40000000596
1462245853046376472,0.40000000596
1462245853146431702,0.40000000596
1462245853246411189,0.40000000596
1462245853346385901,0.40000000596
1462245853446443241,0.40000000596
1462245853546395633,0.40000000596
1462245853646410619,0.40000000596
1462245853746347907,0.40000000596
1462245853846423005,0.40000000596
1462245853946425562,0.40000000596
1462245854046384425,0.40000000596
1462245854146424102,0.40000000596
1462245854246451145,0.40000000596
1462245854346435041,0.40000000596
1462245854446505358,0.40000000596
1462245854546409154,0.40000000596
1462245854646377904,0.40000000596
1462245854746367031,0.40000000596
1462245854846442935,0.40000000596
1462245854946430254,0.40000000596
1462245855046436967,0.40000000596
1462245855146439805,0.40000000596
1462245855246394748,0.40000000596
1462245855346438251,0.40000000596
1462245855446452601,0.40000000596
1462245855546427667,0.40000000596
1462245855646462614,0.40000000596
1462245855746377951,0.40000000596
1462245855846431328,0.40000000596
1462245855946395703,0.40000000596
1462245856046395148,0.40000000596
1462245856146387385,0.40000000596
1462245856246440557,0.40000000596
1462245856346455086,0.40000000596
1462245856446384643,0.40000000596
1462245856546445847,0.40000000596
1462245856646455929,0.40000000596
1462245856746436274,0.40000000596
1462245856846463351,0.40000000596
1462245856946429827,0.40000000596
1462245857046449667,0.40000000596
1462245857146402432,0.40000000596
1462245857246485239,0.40000000596
1462245857346449395,0.40000000596
1462245857446393290,0.40000000596
1462245857546383373,0.40000000596
1462245857646401232,0.40000000596
1462245857746462644,0.40000000596
1462245857846454669,0.40000000596
1462245857946469413,0.40000000596
1462245858046490191,0.40000000596
1462245858146395734,0.40000000596
1462245858246478926,0.40000000596
1462245858346439655,0.40000000596
1462245858446450231,0.40000000596
1462245858546457097,0.40000000596
1462245858646392695,0.40000000596
1462245858746438643,0.40000000596
1462245858846409316,0.40000000596
1462245858946429104,0.40000000596
1462245859046413735,0.40000000596
1462245859146428023,0.40000000596
1462245859246529652,0.40000000596
1462245859346410253,0.40000000596
1462245859446465686,0.40000000596
1462245859546476328,0.40000000596
1462245859646460834,0.40000000596
1462245859746442318,0.40000000596
1462245859846382884,0.40000000596
1462245859946462213,0.40000000596
1462245860046476236,0.40000000596
1462245860146453665,0.40000000596
1462245860246412323,0.40000000596
1462245860346379421,0.40000000596
1462245860446387471,0.40000000596
1462245860546394097,0.40000000596
1462245860646479697,0.40000000596
1462245860746451926,0.40000000596
1462245860846487281,0.40000000596
1462245860946450187,0.40000000596
1462245861046393207,0.40000000596
1462245861146455164,0.40000000596
1462245861246415991,0.40000000596
1462245861346453315,0.40000000596
1462245861446479021,0.40000000596
1462245861546388563,0.40000000596
1462245861646440492,0.40000000596
1462245861746393273,0.40000000596
1462245861846372929,0.40000000596
1462245861946378233,0.40000000596
1462245862046476773,0.40000000596
1462245862146474429,0.40000000596
1462245862246409735,0.40000000596
1462245862346467560,0.40000000596
1462245862446490904,0.40000000596
1462245862546486241,0.40000000596
1462245862646435044,0.40000000596
1462245862746405444,0.40000000596
1462245862846463271,0.40000000596
1462245862946423055,0.40000000596
1462245863046461972,0.40000000596
1462245863146562106,0.40000000596
1462245863246368755,0.40000000596
1462245863346379190,0.40000000596
1462245863446499778,0.40000000596
1462245863546461862,0.40000000596
1462245863646464801,0.40000000596
1462245863746478417,0.40000000596
1462245863846471511,0.40000000596
1462245863946391478,0.40000000596
1462245864046471235,0.40000000596
1462245864146546406,0.40000000596
1462245864246460464,0.40000000596
1462245864346463404,0.40000000596
1462245864446396501,0.40000000596
1462245864546429438,0.40000000596
1462245864646413480,0.40000000596
1462245864746407401,0.40000000596
1462245864846389138,0.40000000596
1462245864946400486,0.40000000596
1462245865046476894,0.40000000596
1462245865146418268,0.40000000596
1462245865246435059,0.40000000596
1462245865346470226,0.40000000596
1462245865446491984,0.40000000596
1462245865546490436,0.40000000596
1462245865646382643,0.40000000596
1462245865746520466,0.40000000596
1462245865846549754,0.40000000596
1462245865946439405,0.40000000596
1462245866046442945,0.40000000596
1462245866146394942,0.40000000596
1462245866246381031,0.40000000596
1462245866346409066,0.40000000596
1462245866446460533,0.40000000596
1462245866546472180,0.40000000596
1462245866646420790,0.40000000596
1462245866746478699,0.40000000596
1462245866846403877,0.40000000596
1462245866946434513,0.40000000596
1462245867046443788,0.40000000596
1462245867146457997,0.40000000596
1462245867246480760,0.40000000596
1462245867346415874,0.40000000596
1462245867446419789,0.40000000596
1462245867546435950,0.40000000596
1462245867646404342,0.40000000596
1462245867746415197,0.40000000596
1462245867846444573,0.40000000596
1462245867946419410,0.40000000596
1462245868046465796,0.40000000596
1462245868146449684,0.40000000596
1462245868246456920,0.40000000596
1462245868346458382,0.40000000596
1462245868446475071,0.40000000596
1462245868546374014,0.40000000596
1462245868646489027,0.40000000596
1462245868746461695,0.40000000596
1462245868846460631,0.40000000596
1462245868946434268,0.40000000596
1462245869046488547,0.40000000596
1462245869146384395,0.40000000596
1462245869246411357,0.40000000596
1462245869346462187,0.40000000596
1462245869446436237,0.40000000596
1462245869546489845,0.40000000596
1462245869646463922,0.40000000596
1462245869746449637,0.40000000596
1462245869846465873,0.40000000596
1462245869946568573,0.40000000596
1462245870046414891,0.40000000596
1462245870146443004,0.40000000596
1462245870246452928,0.40000000596
1462245870346438736,0.40000000596
1462245870446430844,0.40000000596
1462245870546399569,0.40000000596
1462245870646439530,0.40000000596
1462245870746478034,0.40000000596
1462245870846484852,0.40000000596
1462245870946533749,0.40000000596
1462245871046467188,0.40000000596
1462245871146473156,0.40000000596
1462245871246458364,0.40000000596
1462245871346421516,0.40000000596
1462245871446377208,0.40000000596
1462245871546448045,0.40000000596
1462245871646468442,0.40000000596
1462245871746441906,0.40000000596
1462245871846460300,0.40000000596
1462245871946386059,0.40000000596
1462245872046440194,0.40000000596
1462245872146462970,0.40000000596
1462245872246464500,0.40000000596
1462245872346455896,0.40000000596
1462245872446465939,0.40000000596
1462245872546469463,0.40000000596
1462245872646409686,0.40000000596
1462245872746442207,0.40000000596
1462245872846504068,0.40000000596
1462245872946451755,0.40000000596
1462245873046410609,0.40000000596
1462245873146427692,0.40000000596
1462245873246430996,0.40000000596
1462245873346381565,0.40000000596
1462245873446438902,0.40000000596
1462245873546430884,0.40000000596
1462245873646451120,0.40000000596
1462245873746394025,0.40000000596
1462245873846442735,0.40000000596
1462245873946434068,0.40000000596
1462245874046462759,0.40000000596
1462245874146398923,0.40000000596
1462245874246368656,0.40000000596
1462245874346455455,0.40000000596
1462245874446428101,0.40000000596
1462245874546462954,0.40000000596
1462245874646414915,0.40000000596
1462245874746384409,0.40000000596
1462245874846388954,0.40000000596
1462245874946399350,0.40000000596
1462245875046496537,0.40000000596
1462245875146467884,0.40000000596
1462245875246472404,0.40000000596
1462245875346488805,0.40000000596
1462245875446522137,0.40000000596
1462245875546460448,0.40000000596
1462245875646460354,0.40000000596
1462245875746522639,0.40000000596
1462245875846496311,0.40000000596
1462245875946433658,0.40000000596
1462245876046468472,0.40000000596
1462245876146424575,0.40000000596
1462245876246415202,0.40000000596
1462245876346480303,0.40000000596
1462245876446451857,0.40000000596
1462245876546480424,0.40000000596
1462245876646476719,0.40000000596
1462245876746469804,0.40000000596
1462245876846480671,0.40000000596
1462245876946436862,0.40000000596
1462245877046497571,0.40000000596
1462245877146489833,0.40000000596
1462245877246430747,0.40000000596
1462245877346462474,0.40000000596
1462245877446432948,0.40000000596
1462245877546450385,0.40000000596
1462245877646405953,0.40000000596
1462245877746387241,0.40000000596
1462245877846460284,0.40000000596
1462245877946434192,0.40000000596
1462245878046467771,0.40000000596
1462245878146425953,0.40000000596
1462245878246461319,0.40000000596
1462245878346448159,0.40000000596
1462245878446453340,0.40000000596
1462245878546465292,0.40000000596
1462245878646463222,0.40000000596
1462245878746475885,0.40000000596
1462245878846466283,0.40000000596
1462245878946449200,0.40000000596
1462245879046402753,0.40000000596
1462245879146400635,0.40000000596
1462245879246462073,0.40000000596
1462245879346460718,0.40000000596
1462245879446486992,0.40000000596
1462245879546488076,0.40000000596
1462245879646581689,0.40000000596
1462245879746500258,0.40000000596
1462245879846447904,0.40000000596
1462245879946466829,0.40000000596
1462245880046424963,0.40000000596
1462245880146455192,0.40000000596
1462245880246461113,0.40000000596
1462245880346460730,0.40000000596
1462245880446403216,0.40000000596
1462245880546400951,0.40000000596
1462245880646510985,0.40000000596
1462245880746457804,0.40000000596
1462245880846457025,0.40000000596
1462245880946453936,0.40000000596
1462245881046519242,0.40000000596
1462245881146494126,0.40000000596
1462245881246468097,0.40000000596
1462245881346447299,0.40000000596
1462245881446461119,0.40000000596
1462245881546466802,0.40000000596
1462245881646455844,0.40000000596
1462245881746532285,0.40000000596
1462245881846431536,0.40000000596
1462245881946392212,0.40000000596
1462245882046433937,0.40000000596
1462245882146424033,0.40000000596
1462245882246428839,0.40000000596
1462245882346451014,0.40000000596
1462245882446491440,0.40000000596
1462245882546466619,0.40000000596
1462245882646426604,0.40000000596
1462245882746468812,0.40000000596
1462245882846467801,0.40000000596
1462245882946485645,0.40000000596
1462245883046453447,0.40000000596
1462245883146476196,0.40000000596
1462245883246382777,0.40000000596
1462245883346406331,0.40000000596
1462245883446391519,0.40000000596
1462245883546461288,0.40000000596
1462245883646437550,0.40000000596
1462245883746478231,0.40000000596
1462245883846489509,0.40000000596
1462245883946435336,0.40000000596
1462245884046437996,0.40000000596
1462245884146462817,0.40000000596
1462245884246555843,0.40000000596
1462245884346435309,0.40000000596
1462245884446456958,0.40000000596
1462245884546455367,0.40000000596
1462245884646451985,0.40000000596
1462245884746423086,0.40000000596
1462245884846398469,0.40000000596
1462245884946471292,0.40000000596
1462245885046404998,0.40000000596
1462245885146473006,0.40000000596
1462245885246587798,0.40000000596
1462245885346464789,0.40000000596
1462245885446452389,0.40000000596
1462245885546453580,0.40000000596
1462245885646443977,0.40000000596
1462245885746439942,0.40000000596
1462245885846553431,0.40000000596
1462245885946483091,0.40000000596
1462245886046491087,0.40000000596
1462245886146432498,0.40000000596
1462245886246383760,0.40000000596
1462245886346488359,0.40000000596
1462245886446487604,0.40000000596
1462245886546446106,0.40000000596
1462245886646498440,0.40000000596
1462245886746523889,0.40000000596
1462245886846471450,0.40000000596
1462245886946501640,0.40000000596
1462245887046473598,0.40000000596
1462245887146468188,0.40000000596
1462245887246464188,0.40000000596
1462245887346469393,0.40000000596
1462245887446452507,0.40000000596
1462245887546425584,0.40000000596
1462245887646415566,0.40000000596
1462245887746458836,0.40000000596
1462245887846470720,0.40000000596
1462245887946462291,0.40000000596
1462245888046428624,0.40000000596
1462245888146402864,0.40000000596
1462245888246442113,0.40000000596
1462245888346462992,0.40000000596
1462245888446468473,0.40000000596
1462245888546490761,0.40000000596
1462245888646570796,0.40000000596
1462245888746457896,0.40000000596
1462245888846487745,0.40000000596
1462245888946397906,0.40000000596
1462245889046386095,0.40000000596
1462245889146463797,0.40000000596
1462245889246518422,0.40000000596
1462245889346523305,0.40000000596
1462245889446465083,0.40000000596
1462245889546469424,0.40000000596
1462245889646473873,0.40000000596
1462245889746476621,0.40000000596
1462245889846458050,0.40000000596
1462245889946445531,0.40000000596
1462245890046467721,0.40000000596
1462245890146452884,0.40000000596
1462245890246431312,0.40000000596
1462245890346458291,0.40000000596
1462245890446422138,0.40000000596
1462245890546572783,0.40000000596
1462245890646465949,0.40000000596
1462245890746482793,0.40000000596
1462245890846469434,0.40000000596
1462245890946460347,0.40000000596
1462245891046394213,0.40000000596
1462245891146496507,0.40000000596
1462245891246511194,0.40000000596
1462245891346454358,0.40000000596
1462245891446470284,0.40000000596
1462245891546467615,0.40000000596
1462245891646487275,0.40000000596
1462245891746499121,0.40000000596
1462245891846453581,0.40000000596
1462245891946378892,0.40000000596
1462245892046387656,0.40000000596
1462245892146428211,0.40000000596
1462245892246433242,0.40000000596
1462245892346457225,0.40000000596
1462245892446435284,0.40000000596
1462245892546421047,0.40000000596
1462245892646449517,0.40000000596
1462245892746420905,0.40000000596
1462245892846435664,0.40000000596
1462245892946454572,0.40000000596
1462245893046468440,0.40000000596
1462245893146454111,0.40000000596
1462245893246445966,0.40000000596
1462245893346398538,0.40000000596
1462245893446397461,0.40000000596
1462245893546447482,0.40000000596
1462245893646451410,0.40000000596
1462245893746441233,0.40000000596
1462245893846466079,0.40000000596
1462245893946439551,0.40000000596
1462245894046404901,0.40000000596
1462245894146464819,0.40000000596
1462245894246444629,0.40000000596
1462245894346479170,0.40000000596
1462245894446486404,0.40000000596
1462245894546483606,0.40000000596
1462245894646423041,0.40000000596
1462245894746413987,0.40000000596
1462245894846387308,0.40000000596
1462245894946440007,0.40000000596
1462245895046410046,0.40000000596
1462245895146428552,0.40000000596
1462245895246485993,0.40000000596
1462245895346456403,0.40000000596
1462245895446461909,0.40000000596
1462245895546467806,0.40000000596
1462245895646533861,0.40000000596
1462245895746468997,0.40000000596
1462245895846468591,0.40000000596
1462245895946456280,0.40000000596
1462245896046400798,0.40000000596
1462245896146467883,0.40000000596
1462245896246384476,0.40000000596
1462245896346398093,0.40000000596
1462245896446464543,0.40000000596
1462245896546451489,0.40000000596
1462245896646504332,0.40000000596
1462245896746477061,0.40000000596
1462245896846494517,0.40000000596
1462245896946416643,0.40000000596
1462245897046482382,0.40000000596
1462245897146456999,0.40000000596
1462245897246457834,0.40000000596
1462245897346493037,0.40000000596
1462245897446431656,0.40000000596
1462245897546449444,0.40000000596
1462245897646422143,0.40000000596
1462245897746392413,0.40000000596
1462245897846429386,0.40000000596
1462245897946418042,0.40000000596
1462245898046376415,0.40000000596
1462245898146443476,0.40000000596
1462245898246454076,0.40000000596
1462245898346443640,0.40000000596
1462245898446472756,0.40000000596
1462245898546427333,0.40000000596
1462245898646454320,0.40000000596
1462245898746433313,0.40000000596
1462245898846444019,0.40000000596
1462245898946420785,0.40000000596
1462245899046370005,0.40000000596
1462245899146386494,0.40000000596
1462245899246453789,0.40000000596
1462245899346486072,0.40000000596
1462245899446445574,0.40000000596
1462245899546420685,0.40000000596
1462245899646486519,0.40000000596
1462245899746459440,0.40000000596
1462245899846431936,0.40000000596
1462245899946437201,0.40000000596
1462245900046403459,0.40000000596
1462245900146436409,0.40000000596
1462245900246491343,0.40000000596
1462245900346447338,0.40000000596
1462245900446457879,0.40000000596
1462245900546375623,0.40000000596
1462245900646479232,0.40000000596
1462245900746415098,0.40000000596
1462245900846465845,0.40000000596
1462245900946437324,0.40000000596
1462245901046432422,0.40000000596
1462245901146467761,0.40000000596
1462245901246441164,0.40000000596
1462245901346432313,0.40000000596
1462245901446580568,0.40000000596
1462245901546469958,0.40000000596
1462245901646481356,0.40000000596
1462245901746468666,0.40000000596
1462245901846420956,0.40000000596
1462245901946387084,0.40000000596
1462245902046376402,0.40000000596
1462245902146464717,0.40000000596
1462245902246420134,0.40000000596
1462245902346561099,0.40000000596
1462245902446462957,0.40000000596
1462245902546469053,0.40000000596
1462245902646513788,0.40000000596
1462245902746608357,0.40000000596
1462245902846457310,0.40000000596
1462245902946450811,0.40000000596
1462245903046452911,0.40000000596
1462245903146416158,0.40000000596
1462245903246464336,0.40000000596
1462245903346426574,0.40000000596
1462245903446383448,0.40000000596
1462245903546452623,0.40000000596
1462245903646448685,0.40000000596
1462245903746477156,0.40000000596
1462245903846535679,0.40000000596
1462245903946489448,0.40000000596
1462245904046422656,0.40000000596
1462245904146461737,0.40000000596
1462245904246456901,0.40000000596
1462245904346474941,0.40000000596
1462245904446462388,0.40000000596
1462245904546412632,0.40000000596
1462245904646463557,0.40000000596
1462245904746391339,0.40000000596
1462245904846386661,0.40000000596
1462245904946416224,0.40000000596
1462245905046472412,0.40000000596
1462245905146473873,0.40000000596
1462245905246445154,0.40000000596
1462245905346446137,0.40000000596
1462245905446458255,0.40000000596
1462245905546468439,0.40000000596
1462245905646455113,0.40000000596
1462245905746559171,0.40000000596
1462245905846460956,0.40000000596
1462245905946455959,0.40000000596
1462245906046454233,0.40000000596
1462245906146460806,0.40000000596
1462245906246421284,0.40000000596
1462245906346398976,0.40000000596
1462245906446490534,0.40000000596
1462245906546489300,0.40000000596
1462245906646469832,0.40000000596
1462245906746436704,0.40000000596
1462245906846444040,0.40000000596
1462245906946454630,0.40000000596
1462245907046486937,0.40000000596
1462245907146466496,0.40000000596
1462245907246480918,0.40000000596
1462245907346448863,0.40000000596
1462245907446497450,0.40000000596
1462245907546407998,0.40000000596
1462245907646408392,0.40000000596
1462245907746389206,0.40000000596
1462245907846478785,0.40000000596
1462245907946486603,0.40000000596
1462245908046459759,0.40000000596
1462245908146460342,0.40000000596
1462245908246524170,0.40000000596
1462245908346441002,0.40000000596
1462245908446460525,0.40000000596
1462245908546446123,0.40000000596
1462245908646483168,0.40000000596
1462245908746482949,0.40000000596
1462245908846529996,0.40000000596
1462245908946532473,0.40000000596
1462245909046447721,0.40000000596
1462245909146406969,0.40000000596
1462245909246396361,0.40000000596
1462245909346376205,0.40000000596
1462245909446403019,0.40000000596
1462245909546455603,0.40000000596
1462245909646434556,0.40000000596
1462245909746390800,0.40000000596
1462245909846391097,0.40000000596
1462245909946379368,0.40000000596
1462245910046382187,0.40000000596
1462245910146434708,0.40000000596
1462245910246436830,0.40000000596
1462245910346414378,0.40000000596
1462245910446438048,0.40000000596
1462245910546391580,0.40000000596
1462245910646402463,0.40000000596
1462245910746378207,0.40000000596
1462245910846418435,0.40000000596
1462245910946374574,0.40000000596
1462245911046411702,0.40000000596
1462245911146450055,0.40000000596
1462245911246411206,0.40000000596
1462245911346444326,0.40000000596
1462245911446417810,0.40000000596
1462245911546413987,0.40000000596
1462245911646415598,0.40000000596
1462245911746441391,0.40000000596
1462245911846416757,0.40000000596
1462245911946423996,0.40000000596
1462245912046412845,0.40000000596
1462245912146389757,0.40000000596
1462245912246434122,0.40000000596
1462245912346410815,0.40000000596
1462245912446465811,0.40000000596
1462245912546421697,0.40000000596
1462245912646399012,0.40000000596
1462245912746457775,0.40000000596
1462245912846416448,0.40000000596
1462245912946436832,0.40000000596
1462245913046428900,0.40000000596
1462245913146426782,0.40000000596
1462245913246395283,0.40000000596
1462245913346400964,0.40000000596
1462245913446403798,0.40000000596
1462245913546375989,0.40000000596
1462245913646421190,0.40000000596
1462245913746381032,0.40000000596
1462245913846392446,0.40000000596
1462245913946403532,0.40000000596
1462245914046395106,0.40000000596
1462245914146458716,0.40000000596
1462245914246411882,0.40000000596
1462245914346382486,0.40000000596
1462245914446466298,0.40000000596
1462245914546382557,0.40000000596
1462245914646443759,0.40000000596
1462245914746413391,0.40000000596
1462245914846411384,0.40000000596
1462245914946395873,0.40000000596
1462245915046384091,0.40000000596
1462245915146409143,0.40000000596
1462245915246418460,0.40000000596
1462245915346393481,0.40000000596
1462245915446417509,0.40000000596
1462245915546431088,0.40000000596
1462245915646481656,0.40000000596
1462245915746381071,0.40000000596
1462245915846411925,0.40000000596
1462245915946442308,0.40000000596
1462245916046378494,0.40000000596
1462245916146402140,0.40000000596
1462245916246415341,0.40000000596
1462245916346422929,0.40000000596
1462245916446394066,0.40000000596
1462245916546393043,0.40000000596
1462245916646434325,0.40000000596
1462245916746434891,0.40000000596
1462245916846414960,0.40000000596
1462245916946405839,0.40000000596
1462245917046420849,0.40000000596
1462245917146368000,0.40000000596
1462245917246448208,0.40000000596
1462245917346479897,0.40000000596
1462245917446404821,0.40000000596
1462245917546361921,0.40000000596
1462245917646401833,0.40000000596
1462245917746392932,0.40000000596
1462245917846381215,0.40000000596
1462245917946399046,0.40000000596
1462245918046376780,0.40000000596
1462245918146366784,0.40000000596
1462245918246413566,0.40000000596
1462245918346465366,0.40000000596
1462245918446452962,0.40000000596
1462245918546444645,0.40000000596
1462245918646384523,0.40000000596
1462245918746403436,0.40000000596
1462245918846412544,0.40000000596
1462245918946394761,0.40000000596
1462245919046426956,0.40000000596
1462245919146387363,0.40000000596
1462245919246399504,0.40000000596
1462245919346394090,0.40000000596
1462245919446388977,0.40000000596
1462245919546425741,0.40000000596
1462245919646401430,0.40000000596
1462245919746429757,0.40000000596
1462245919846448412,0.40000000596
1462245919946413554,0.40000000596
1462245920046379411,0.40000000596
1462245920146427326,0.40000000596
1462245920246391502,0.40000000596
1462245920346428223,0.40000000596
1462245920446435287,0.40000000596
1462245920546393869,0.40000000596
1462245920646458080,0.40000000596
1462245920746395920,0.40000000596
1462245920846381099,0.40000000596
1462245920946404506,0.40000000596
1462245921046385395,0.40000000596
1462245921146420096,0.40000000596
1462245921246421800,0.40000000596
1462245921346418387,0.40000000596
1462245921446393346,0.40000000596
1462245921546417586,0.40000000596
1462245921646424167,0.40000000596
1462245921746411910,0.40000000596
1462245921846407523,0.40000000596
1462245921946388354,0.40000000596
1462245922046411099,0.40000000596
1462245922146387419,0.40000000596
1462245922246361279,0.40000000596
1462245922346379491,0.40000000596
1462245922446419041,0.40000000596
1462245922546402679,0.40000000596
1462245922646401928,0.40000000596
1462245922746413615,0.40000000596
1462245922846428281,0.40000000596
1462245922946452126,0.40000000596
1462245923046460046,0.40000000596
1462245923146429348,0.40000000596
1462245923246403447,0.40000000596
1462245923346400737,0.40000000596
1462245923446385774,0.40000000596
1462245923546429853,0.40000000596
1462245923646408660,0.40000000596
1462245923746396779,0.40000000596
1462245923846396521,0.40000000596
1462245923946392128,0.40000000596
1462245924046395995,0.40000000596
1462245924146393394,0.40000000596
1462245924246384232,0.40000000596
1462245924346463448,0.40000000596
1462245924446419797,0.40000000596
1462245924546427247,0.40000000596
1462245924646433635,0.40000000596
1462245924746425136,0.40000000596
1462245924846402641,0.40000000596
1462245924946387079,0.40000000596
1462245925046383196,0.40000000596
1462245925146382164,0.40000000596
1462245925246427703,0.40000000596
1462245925346406466,0.40000000596
1462245925446389709,0.40000000596
1462245925546408790,0.40000000596
1462245925646390695,0.40000000596
1462245925746409780,0.40000000596
1462245925846398275,0.40000000596
1462245925946432114,0.40000000596
1462245926046425179,0.40000000596
1462245926146401280,0.40000000596
1462245926246483748,0.40000000596
1462245926346392908,0.40000000596
1462245926446426815,0.40000000596
1462245926546385039,0.40000000596
1462245926646424185,0.40000000596
1462245926746416498,0.40000000596
1462245926846427728,0.40000000596
1462245926946408584,0.40000000596
1462245927046394012,0.40000000596
1462245927146414406,0.40000000596
1462245927246420361,0.40000000596
1462245927346412330,0.40000000596
1462245927446438158,0.40000000596
1462245927546438094,0.40000000596
1462245927646440675,0.40000000596
1462245927746413137,0.40000000596
1462245927846394656,0.40000000596
1462245927946391307,0.40000000596
1462245928046392171,0.40000000596
1462245928146470430,0.40000000596
1462245928246466783,0.40000000596
1462245928346401367,0.40000000596
1462245928446382226,0.40000000596
1462245928546411199,0.40000000596
1462245928646415996,0.40000000596
1462245928746409494,0.40000000596
1462245928846429909,0.40000000596
1462245928946425757,0.40000000596
1462245929046421114,0.40000000596
1462245929146460479,0.40000000596
1462245929246395826,0.40000000596
1462245929346393169,0.40000000596
1462245929446372973,0.40000000596
1462245929546410437,0.40000000596
1462245929646398370,0.40000000596
1462245929746404233,0.40000000596
1462245929846434808,0.40000000596
1462245929946416059,0.40000000596
1462245930046457349,0.40000000596
1462245930146388054,0.40000000596
1462245930246408369,0.40000000596
1462245930346442294,0.40000000596
1462245930446422003,0.40000000596
1462245930546407117,0.40000000596
1462245930646422251,0.40000000596
1462245930746472571,0.40000000596
1462245930846389383,0.40000000596
1462245930946378316,0.40000000596
1462245931046413335,0.40000000596
1462245931146399292,0.40000000596
1462245931246383034,0.40000000596
1462245931346436000,0.40000000596
1462245931446430832,0.40000000596
1462245931546385487,0.40000000596
1462245931646423116,0.40000000596
1462245931746387254,0.40000000596
1462245931846423177,0.40000000596
1462245931946403995,0.40000000596
1462245932046399395,0.40000000596
1462245932146387100,0.40000000596
1462245932246423887,0.40000000596
1462245932346393494,0.40000000596
1462245932446388475,0.40000000596
1462245932546461163,0.40000000596
1462245932646416001,0.40000000596
1462245932746426598,0.40000000596
1462245932846402784,0.40000000596
1462245932946425470,0.40000000596
1462245933046423320,0.40000000596
1462245933146445166,0.40000000596
1462245933246433432,0.40000000596
1462245933346410675,0.40000000596
1462245933446404135,0.40000000596
1462245933546395122,0.40000000596
1462245933646395094,0.40000000596
1462245933746399157,0.40000000596
1462245933846417547,0.40000000596
1462245933946458048,0.40000000596
1462245934046398824,0.40000000596
1462245934146395468,0.40000000596
1462245934246396360,0.40000000596
1462245934346418122,0.40000000596
1462245934446437962,0.40000000596
1462245934546408437,0.40000000596
1462245934646370837,0.40000000596
1462245934746427318,0.40000000596
1462245934846402764,0.40000000596
1462245934946408113,0.40000000596
1462245935046478197,0.40000000596
1462245935146430115,0.40000000596
1462245935246383424,0.40000000596
1462245935346430180,0.40000000596
1462245935446409889,0.40000000596
1462245935546413827,0.40000000596
1462245935646397353,0.40000000596
1462245935746400436,0.40000000596
1462245935846429971,0.40000000596
1462245935946466696,0.40000000596
1462245936046437783,0.40000000596
1462245936146454671,0.40000000596
1462245936246415027,0.40000000596
1462245936346429347,0.40000000596
1462245936446441252,0.40000000596
1462245936546412535,0.40000000596
1462245936646376289,0.40000000596
1462245936746392473,0.40000000596
1462245936846381715,0.40000000596
1462245936946445117,0.40000000596
1462245937046413662,0.40000000596
1462245937146421233,0.40000000596
1462245937246400082,0.40000000596
1462245937346424992,0.40000000596
1462245937446407236,0.40000000596
1462245937546413547,0.40000000596
1462245937646396636,0.40000000596
1462245937746396233,0.40000000596
1462245937846397314,0.40000000596
1462245937946463792,0.40000000596
1462245938046373974,0.40000000596
1462245938146417719,0.40000000596
1462245938246393297,0.40000000596
1462245938346423618,0.40000000596
1462245938446413639,0.40000000596
1462245938546431138,0.40000000596
1462245938646392417,0.40000000596
1462245938746398194,0.40000000596
1462245938846452076,0.40000000596
1462245938946432838,0.40000000596
1462245939046401870,0.40000000596
1462245939146416156,0.40000000596
1462245939246445327,0.40000000596
1462245939346384208,0.40000000596
1462245939446392433,0.40000000596
1462245939546440139,0.40000000596
1462245939646367136,0.40000000596
1462245939746357630,0.40000000596
1462245939846396821,0.40000000596
1462245939946410551,0.40000000596
1462245940046435949,0.40000000596
1462245940146411292,0.40000000596
1462245940246414435,0.40000000596
1462245940346395054,0.40000000596
1462245940446397458,0.40000000596
1462245940546437080,0.40000000596
1462245940646384362,0.40000000596
1462245940746364325,0.40000000596
1462245940846380464,0.40000000596
1462245940946403672,0.40000000596
1462245941046442120,0.40000000596
1462245941146413310,0.40000000596
1462245941246418185,0.40000000596
1462245941346445604,0.40000000596
1462245941446411925,0.40000000596
1462245941546443123,0.40000000596
1462245941646443850,0.40000000596
1462245941746415212,0.40000000596
1462245941846434638,0.40000000596
1462245941946400736,0.40000000596
1462245942046369600,0.40000000596
1462245942146441865,0.40000000596
1462245942246451321,0.40000000596
1462245942346389134,0.40000000596
1462245942446379730,0.40000000596
1462245942546410056,0.40000000596
1462245942646440484,0.40000000596
1462245942746385886,0.40000000596
1462245942846386880,0.40000000596
1462245942946418809,0.40000000596
1462245943046412741,0.40000000596
1462245943146445894,0.40000000596
1462245943246438655,0.40000000596
1462245943346412344,0.40000000596
1462245943446412820,0.40000000596
1462245943546437787,0.40000000596
1462245943646427667,0.40000000596
1462245943746417310,0.40000000596
1462245943846370566,0.40000000596
1462245943946458913,0.40000000596
1462245944046410969,0.40000000596
1462245944146439839,0.40000000596
1462245944246423775,0.40000000596
1462245944346426865,0.40000000596
1462245944446444257,0.40000000596
1462245944546421440,0.40000000596
1462245944646403242,0.40000000596
1462245944746387192,0.40000000596
1462245944846391122,0.40000000596
1462245944946415238,0.40000000596
1462245945046388585,0.40000000596
1462245945146425314,0.40000000596
1462245945246407543,0.40000000596
1462245945346382680,0.40000000596
1462245945446427158,0.40000000596
1462245945546399445,0.40000000596
1462245945646437293,0.40000000596
1462245945746391577,0.40000000596
1462245945846416842,0.40000000596
1462245945946397222,0.40000000596
1462245946046413102,0.40000000596
1462245946146411527,0.40000000596
1462245946246365258,0.40000000596
1462245946346451735,0.40000000596
1462245946446421868,0.40000000596
1462245946546401622,0.40000000596
1462245946646389379,0.40000000596
1462245946746392837,0.40000000596
1462245946846414135,0.40000000596
1462245946946423207,0.40000000596
1462245947046449906,0.40000000596
1462245947146423673,0.40000000596
1462245947246431653,0.40000000596
1462245947346421863,0.40000000596
1462245947446412991,0.40000000596
1462245947546430421,0.40000000596
1462245947646401351,0.40000000596
1462245947746445008,0.40000000596
1462245947846414281,0.40000000596
1462245947946391454,0.40000000596
1462245948046417577,0.40000000596
1462245948146381916,0.40000000596
1462245948246435689,0.40000000596
1462245948346456012,0.40000000596
1462245948446481096,0.40000000596
1462245948546394014,0.40000000596
1462245948646424535,0.40000000596
1462245948746424504,0.40000000596
1462245948846379501,0.40000000596
1462245948946408765,0.40000000596
1462245949046414269,0.40000000596
1462245949146401222,0.40000000596
1462245949246366897,0.40000000596
1462245949346419517,0.40000000596
1462245949446432890,0.40000000596
1462245949546389111,0.40000000596
1462245949646383580,0.40000000596
1462245949746417945,0.40000000596
1462245949846440910,0.40000000596
1462245949946443185,0.40000000596
1462245950046383091,0.40000000596
1462245950146433840,0.40000000596
1462245950246479376,0.40000000596
1462245950346442881,0.40000000596
1462245950446396633,0.40000000596
1462245950546400543,0.40000000596
1462245950646426323,0.40000000596
1462245950746386058,0.40000000596
1462245950846401605,0.40000000596
1462245950946377714,0.40000000596
1462245951046377374,0.40000000596
1462245951146438139,0.40000000596
1462245951246401319,0.40000000596
1462245951346394263,0.40000000596
1462245951446421318,0.40000000596
1462245951546383677,0.40000000596
1462245951646412178,0.40000000596
1462245951746411313,0.40000000596
1462245951846386246,0.40000000596
1462245951946424323,0.40000000596
1462245952046435930,0.40000000596
1462245952146401231,0.40000000596
1462245952246384591,0.40000000596
1462245952346400986,0.40000000596
1462245952446384680,0.40000000596
1462245952546389821,0.40000000596
1462245952646397901,0.40000000596
1462245952746423380,0.40000000596
1462245952846398089,0.40000000596
1462245952946415375,0.40000000596
1462245953046417335,0.40000000596
1462245953146412984,0.40000000596
1462245953246393685,0.40000000596
1462245953346431684,0.40000000596
1462245953446413828,0.40000000596
1462245953546447120,0.40000000596
1462245953646398752,0.40000000596
1462245953746410233,0.40000000596
1462245953846394114,0.40000000596
1462245953946401956,0.40000000596
1462245954046409041,0.40000000596
1462245954146411355,0.40000000596
1462245954246385473,0.40000000596
1462245954346428414,0.40000000596
1462245954446394040,0.40000000596
1462245954546395331,0.40000000596
1462245954646427503,0.40000000596
1462245954746393676,0.40000000596
1462245954846408567,0.40000000596
1462245954946381084,0.40000000596
1462245955046425535,0.40000000596
1462245955146402062,0.40000000596
1462245955246396042,0.40000000596
1462245955346375222,0.40000000596
1462245955446414887,0.40000000596
1462245955546421751,0.40000000596
1462245955646404212,0.40000000596
1462245955746474878,0.40000000596
1462245955846397616,0.40000000596
1462245955946437322,0.40000000596
1462245956046420709,0.40000000596
1462245956146380557,0.40000000596
1462245956246396457,0.40000000596
1462245956346407954,0.40000000596
1462245956446421587,0.40000000596
1462245956546412990,0.40000000596
1462245956646411739,0.40000000596
1462245956746380317,0.40000000596
1462245956846427134,0.40000000596
1462245956946423970,0.40000000596
1462245957046395260,0.40000000596
1462245957146416460,0.40000000596
1462245957246416103,0.40000000596
1462245957346441178,0.40000000596
1462245957446464495,0.40000000596
1462245957546443871,0.40000000596
1462245957646448865,0.40000000596
1462245957746492914,0.40000000596
1462245957846449409,0.40000000596
1462245957946396295,0.40000000596
1462245958046408341,0.40000000596
1462245958146387368,0.40000000596
1462245958246423424,0.40000000596
1462245958346418272,0.40000000596
1462245958446393209,0.40000000596
1462245958546439648,0.40000000596
1462245958646387361,0.40000000596
1462245958746382907,0.40000000596
1462245958846400683,0.40000000596
1462245958946386523,0.40000000596
1462245959046441783,0.40000000596
1462245959146454341,0.40000000596
1462245959246402884,0.40000000596
1462245959346407452,0.40000000596
1462245959446361765,0.40000000596
1462245959546377141,0.40000000596
1462245959646392973,0.40000000596
1462245959746408873,0.40000000596
1462245959846448270,0.40000000596
1462245959946401326,0.40000000596
1462245960046423498,0.40000000596
1462245960146432700,0.40000000596
1462245960246382179,0.40000000596
1462245960346408111,0.40000000596
1462245960446400765,0.40000000596
1462245960546438359,0.40000000596
1462245960646408619,0.40000000596
1462245960746428203,0.40000000596
1462245960846376855,0.40000000596
1462245960946396232,0.40000000596
1462245961046384024,0.40000000596
1462245961146446512,0.40000000596
1462245961246433592,0.40000000596
1462245961346428128,0.40000000596
1462245961446417234,0.40000000596
1462245961546439739,0.40000000596
1462245961646486561,0.40000000596
1462245961746446385,0.40000000596
1462245961846405985,0.40000000596
1462245961946396869,0.40000000596
1462245962046416737,0.40000000596
1462245962146480159,0.40000000596
1462245962246406491,0.40000000596
1462245962346427529,0.40000000596
1462245962446424980,0.40000000596
1462245962546416499,0.40000000596
1462245962646434797,0.40000000596
1462245962746410006,0.40000000596
1462245962846431655,0.40000000596
1462245962946411796,0.40000000596
1462245963046395241,0.40000000596
1462245963146456868,0.40000000596
1462245963246407523,0.40000000596
1462245963346406784,0.40000000596
1462245963446405862,0.40000000596
1462245963546444124,0.40000000596
1462245963646448712,0.40000000596
1462245963746396762,0.40000000596
1462245963846380457,0.40000000596
1462245963946411713,0.40000000596
1462245964046426476,0.40000000596
1462245964146457553,0.40000000596
1462245964246431492,0.40000000596
1462245964346453051,0.40000000596
1462245964446474236,0.40000000596
1462245964546486107,0.40000000596
1462245964646406710,0.40000000596
1462245964746373546,0.40000000596
1462245964846508208,0.40000000596
1462245964946528223,0.40000000596
1462245965046459815,0.40000000596
1462245965146444718,0.40000000596
1462245965246445870,0.40000000596
1462245965346452515,0.40000000596
1462245965446425811,0.40000000596
1462245965546471712,0.40000000596
1462245965646497264,0.40000000596
1462245965746534135,0.40000000596
1462245965846461627,0.40000000596
1462245965946453162,0.40000000596
1462245966046399640,0.40000000596
1462245966146396291,0.40000000596
1462245966246424259,0.40000000596
1462245966346459371,0.40000000596
1462245966446450484,0.40000000596
1462245966546476743,0.40000000596
1462245966646521916,0.40000000596
1462245966746466185,0.40000000596
1462245966846466317,0.40000000596
1462245966946459705,0.40000000596
1462245967046431279,0.40000000596
1462245967146410969,0.40000000596
1462245967246469704,0.40000000596
1462245967346466276,0.40000000596
1462245967446470033,0.40000000596
1462245967546415533,0.40000000596
1462245967646404805,0.40000000596
1462245967746542193,0.40000000596
1462245967846470526,0.40000000596
1462245967946489293,0.40000000596
1462245968046457154,0.40000000596
1462245968146430480,0.40000000596
1462245968246505054,0.40000000596
1462245968346472100,0.40000000596
1462245968446533105,0.40000000596
1462245968546489909,0.40000000596
1462245968646458236,0.40000000596
1462245968746469077,0.40000000596
1462245968846453098,0.40000000596
1462245968946458231,0.40000000596
1462245969046418335,0.40000000596
1462245969146457169,0.40000000596
1462245969246542981,0.40000000596
1462245969346450988,0.40000000596
1462245969446416287,0.40000000596
1462245969546442278,0.40000000596
1462245969646418791,0.40000000596
1462245969746403047,0.40000000596
1462245969846373329,0.40000000596
1462245969946404738,0.40000000596
1462245970046441628,0.40000000596
1462245970146466719,0.40000000596
1462245970246455304,0.40000000596
1462245970346474065,0.40000000596
1462245970446444111,0.40000000596
1462245970546423633,0.40000000596
1462245970646455307,0.40000000596
1462245970746450152,0.40000000596
1462245970846464880,0.40000000596
1462245970946409159,0.40000000596
1462245971046521354,0.40000000596
1462245971146483870,0.40000000596
1462245971246402070,0.40000000596
1462245971346383301,0.40000000596
1462245971446481960,0.40000000596
1462245971546475785,0.40000000596
1462245971646399032,0.40000000596
1462245971746556675,0.40000000596
1462245971846462368,0.40000000596
1462245971946498895,0.40000000596
1462245972046435714,0.40000000596
1462245972146433759,0.40000000596
1462245972246463805,0.40000000596
1462245972346451506,0.40000000596
1462245972446425673,0.0
1462245972546418456,0.0
1462245972646460471,0.0
1462245972746400085,0.0
1462245972846493624,0.0
1462245972946522045,0.0
1462245973046498486,0.0
1462245973146497695,0.0
1462245973246505957,0.0
1462245973346455232,0.0
1462245973446537115,0.0
1462245973546449840,0.0
1462245973646447571,0.0
1462245973746553244,0.0
1462245973846468541,0.0
1462245973946464572,0.0
1462245974046380974,0.0
1462245974146406684,0.0
1462245974246496005,0.0
1462245974346449360,0.0
1462245974446587096,0.0
1462245974546468164,0.0
1462245974646490681,0.0
1462245974746459362,0.0
1462245974846461014,0.0
1462245974946426554,0.0
1462245975046461773,0.0
1462245975146481264,0.0
1462245975246458791,0.0
1462245975346456130,0.0
1462245975446430746,0.0
1462245975546369922,0.0
1462245975646410417,0.0
1462245975746450913,0.0
1462245975846477457,0.0
1462245975946452343,0.0
1462245976046458291,0.0
1462245976146480337,0.0
1462245976246430448,0.0
1462245976346443634,0.0
1462245976446456659,0.0
1462245976546456548,0.0
1462245976646512243,0.0
1462245976746444436,0.0
1462245976846431650,0.0
1462245976946449848,0.0
1462245977046396621,0.0
1462245977146412210,0.0
1462245977246490600,0.0
1462245977346466557,0.0
1462245977446433702,0.0
1462245977546489654,0.0
1462245977646513162,0.0
1462245977746468737,0.0
1462245977846441702,0.0
1462245977946455864,0.0
1462245978046466176,0.0
1462245978146488962,0.0
1462245978246461643,0.0
1462245978346440454,0.0
1462245978446441382,0.0
1462245978546384916,0.0
1462245978646451461,0.0
1462245978746448600,0.0
1462245978846458843,0.0
1462245978946470712,0.0
1462245979046481630,0.0
1462245979146469315,0.0
1462245979246467781,0.0
1462245979346461914,0.0
1462245979446482721,0.0
1462245979546441297,0.0
1462245979646494175,0.0
1462245979746428558,0.0
1462245979846392161,0.0
1462245979946433599,0.0
1462245980046491620,0.0
1462245980146448592,0.0
1462245980246533039,0.0
1462245980346474050,0.0
1462245980446464617,0.0
1462245980546461059,0.0
1462245980646454326,0.0
1462245980746467946,0.0
1462245980846456631,0.0
1462245980946424690,0.0
1462245981046393990,0.0
1462245981146464944,0.0
1462245981246400968,0.0
1462245981346437618,0.0
1462245981446460245,0.0
1462245981546468509,0.0
1462245981646504429,0.0
1462245981746447919,0.0
1462245981846459649,0.0
1462245981946450313,0.0
1462245982046449525,0.0
1462245982146440808,0.0
1462245982246508972,0.0
1462245982346509188,0.0
1462245982446453903,0.0
1462245982546419197,0.0
1462245982646386288,0.0
1462245982746379909,0.0
1462245982846450618,0.0
1462245982946442709,0.0
1462245983046475200,0.0
1462245983146454069,0.0
1462245983246488531,0.0
1462245983346441993,0.0
1462245983446424667,0.0
1462245983546384583,0.0
1462245983646339473,0.0
1462245983746464660,0.0
1462245983846408285,0.0
1462245983946440329,0.0
1462245984046384886,0.0
1462245984146448886,0.0
1462245984246417278,0.0
1462245984346458090,0.0
1462245984446461746,0.0
1462245984546469553,0.0
1462245984646451351,0.0
1462245984746413177,0.0
1462245984846409405,0.0
1462245984946375328,0.0
1462245985046439971,0.0
1462245985146406543,0.0
1462245985246486451,0.0
1462245985346439487,0.0
1462245985446465715,0.0
1462245985546460187,0.0
1462245985646442487,0.0
1462245985746442803,0.0
1462245985846454813,0.0
1462245985946477598,0.0
1462245986046449727,0.0
1462245986146417694,0.0
1462245986246388621,0.0
1462245986346408548,0.0
1462245986446457718,0.0
1462245986546425063,0.0
1462245986646471272,0.0
1462245986746462472,0.0
1462245986846433727,0.0
1462245986946480753,0.0
1462245987046451367,0.0
1462245987146558127,0.0
1462245987246495849,0.0
1462245987346459190,0.0
1462245987446448024,0.0
1462245987546438751,0.0
1462245987646474071,0.0
1462245987746416528,0.0
1462245987846388934,0.0
1462245987946469077,0.0
1462245988046465270,0.0
1462245988146463292,0.0
1462245988246545340,0.0
1462245988346443762,0.0
1462245988446413465,0.0
1462245988546415299,0.0
1462245988646454324,0.0
1462245988746415897,0.0
1462245988846439433,0.0
1462245988946506961,0.0
1462245989046399184,0.0
1462245989146483579,0.0
1462245989246408465,0.0
1462245989346451402,0.0
1462245989446415013,0.0
1462245989546475725,0.0
1462245989646731307,0.0
1462245989746459749,0.0
1462245989846440471,0.0
1462245989946429814,0.0
1462245990046479442,0.0
1462245990146407986,0.0
1462245990246475408,0.0
1462245990346436888,0.0
1462245990446375746,0.0
1462245990546400482,0.0
1462245990646388939,0.0
1462245990746384915,0.0
1462245990846546049,0.0
1462245990946416418,0.0
1462245991046419856,0.0
1462245991146490740,0.0
1462245991246453864,0.0
1462245991346411556,0.0
1462245991446465458,0.0
1462245991546421509,0.0
1462245991646478245,0.0
1462245991746476036,0.0
1462245991846480568,0.0
1462245991946427304,0.0
1462245992046394556,0.0
1462245992146396468,0.0
1462245992246453391,0.0
1462245992346509577,0.0
1462245992446380513,0.0
1462245992546486709,0.0
1462245992646423682,0.0
1462245992746381266,0.0
1462245992846453547,0.0
1462245992946431181,0.0
1462245993046488698,0.0
1462245993146454213,0.0
1462245993246455068,0.0
1462245993346491982,0.0
1462245993446402262,0.0
1462245993546382183,0.0
1462245993646444764,0.0
1462245993746463736,0.0
1462245993846426653,0.0
1462245993946459590,0.0
1462245994046386633,0.0
1462245994146477239,0.0
1462245994246468874,0.0
1462245994346470272,0.0
1462245994446443368,0.0
1462245994546433648,0.0
1462245994646404371,0.0
1462245994746400539,0.0
1462245994846465293,0.0
1462245994946486112,0.0
1462245995046427901,0.0
1462245995146433400,0.0
1462245995246423113,0.0
1462245995346442054,0.0
1462245995446459235,0.0
1462245995546449790,0.0
1462245995646436053,0.0
1462245995746478011,0.0
1462245995846429282,0.0
1462245995946443069,0.0
1462245996046430432,0.0
1462245996146408805,0.0
1462245996246380599,0.0
1462245996346487749,0.0
1462245996446428919,0.0
1462245996546462569,0.0
1462245996646393896,0.0
1462245996746421869,0.0
1462245996846440916,0.0
1462245996946460410,0.0
1462245997046475413,0.0
1462245997146420716,0.0
1462245997246462187,0.0
1462245997346443152,0.0
1462245997446434542,0.0
1462245997546424717,0.0
1462245997646397073,0.0
1462245997746484483,0.0
1462245997846443609,0.0
1462245997946461137,0.0
1462245998046462938,0.0
